/*--------------------------------*- C++ -*----------------------------------*\
| =========                 |                                                 |
| \\      /  F ield         | foam-extend: Open Source CFD                    |
|  \\    /   O peration     | Version:     4.1                                |
|   \\  /    A nd           | Web:         http://www.foam-extend.org         |
|    \\/     M anipulation  |                                                 |
\*---------------------------------------------------------------------------*/
FoamFile
{
    version     2.0;
    format      ascii;
    class       volScalarField;
    location    "5e-05";
    object      Mach;
}
// * * * * * * * * * * * * * * * * * * * * * * * * * * * * * * * * * * * * * //

dimensions      [0 0 0 0 0 0 0];

internalField   nonuniform List<scalar> 
4200
(
4.5301552268
4.5301552268
4.5301552268
4.5301552268
4.5301552268
4.5301552268
4.5301552268
4.5301552268
4.5301552268
4.5301552268
4.5301552268
4.5301552268
4.5301552268
4.5301552268
4.5301552268
4.5301552268
4.5301552268
4.5301552268
4.5301552268
4.5301552268
4.5301552268
4.5301552268
4.5301552268
4.5301552268
4.5301552268
4.5301552268
4.5301552268
4.5301552268
4.5301552268
4.5301552268
4.5301552268
4.5301552268
4.5301552268
4.5301552268
4.5301552268
4.5301552268
4.5301552268
4.5301552268
4.5301552268
4.5301552268
4.5301552268
4.5301552268
4.5301552268
4.5301552268
4.5301552268
4.53015522677
4.53015522651
4.53015522393
4.53015519964
4.5301549777
4.53015300217
4.53013575017
4.52998629369
4.52867737032
4.51679775017
4.40803140434
3.71821397753
2.28249773356
1.24227136179
1.06983727237
4.5301552268
4.5301552268
4.5301552268
4.5301552268
4.5301552268
4.5301552268
4.5301552268
4.5301552268
4.5301552268
4.5301552268
4.5301552268
4.5301552268
4.5301552268
4.5301552268
4.5301552268
4.5301552268
4.5301552268
4.5301552268
4.5301552268
4.5301552268
4.5301552268
4.5301552268
4.5301552268
4.5301552268
4.5301552268
4.5301552268
4.5301552268
4.5301552268
4.5301552268
4.5301552268
4.5301552268
4.5301552268
4.5301552268
4.5301552268
4.5301552268
4.5301552268
4.5301552268
4.5301552268
4.5301552268
4.5301552268
4.5301552268
4.5301552268
4.5301552268
4.5301552268
4.5301552268
4.53015522677
4.53015522651
4.53015522392
4.53015519958
4.53015497722
4.53015299853
4.53013572347
4.52998609952
4.52867616891
4.51678860769
4.40795701036
3.71790821112
2.28264201152
1.24372440441
1.07129961344
4.5301552268
4.5301552268
4.5301552268
4.5301552268
4.5301552268
4.5301552268
4.5301552268
4.5301552268
4.5301552268
4.5301552268
4.5301552268
4.5301552268
4.5301552268
4.5301552268
4.5301552268
4.5301552268
4.5301552268
4.5301552268
4.5301552268
4.5301552268
4.5301552268
4.5301552268
4.5301552268
4.5301552268
4.5301552268
4.5301552268
4.5301552268
4.5301552268
4.5301552268
4.5301552268
4.5301552268
4.5301552268
4.5301552268
4.5301552268
4.5301552268
4.5301552268
4.5301552268
4.5301552268
4.5301552268
4.5301552268
4.5301552268
4.5301552268
4.5301552268
4.5301552268
4.5301552268
4.53015522677
4.5301552265
4.53015522391
4.53015519948
4.53015497653
4.53015299395
4.5301357013
4.52998607335
4.52867746457
4.51681629742
4.40835516308
3.72062900905
2.28778151858
1.24981922257
1.07593319838
4.5301552268
4.5301552268
4.5301552268
4.5301552268
4.5301552268
4.5301552268
4.5301552268
4.5301552268
4.5301552268
4.5301552268
4.5301552268
4.5301552268
4.5301552268
4.5301552268
4.5301552268
4.5301552268
4.5301552268
4.5301552268
4.5301552268
4.5301552268
4.5301552268
4.5301552268
4.5301552268
4.5301552268
4.5301552268
4.5301552268
4.5301552268
4.5301552268
4.5301552268
4.5301552268
4.5301552268
4.5301552268
4.5301552268
4.5301552268
4.5301552268
4.5301552268
4.5301552268
4.5301552268
4.5301552268
4.5301552268
4.5301552268
4.5301552268
4.5301552268
4.5301552268
4.5301552268
4.53015522677
4.5301552265
4.53015522389
4.53015519934
4.53015497549
4.53015298734
4.53013566889
4.5299860251
4.5286794169
4.51685902482
4.40896499348
3.72482528486
2.29572261032
1.25907971081
1.0829402935
4.5301552268
4.5301552268
4.5301552268
4.5301552268
4.5301552268
4.5301552268
4.5301552268
4.5301552268
4.5301552268
4.5301552268
4.5301552268
4.5301552268
4.5301552268
4.5301552268
4.5301552268
4.5301552268
4.5301552268
4.5301552268
4.5301552268
4.5301552268
4.5301552268
4.5301552268
4.5301552268
4.5301552268
4.5301552268
4.5301552268
4.5301552268
4.5301552268
4.5301552268
4.5301552268
4.5301552268
4.5301552268
4.5301552268
4.5301552268
4.5301552268
4.5301552268
4.5301552268
4.5301552268
4.5301552268
4.5301552268
4.5301552268
4.5301552268
4.5301552268
4.5301552268
4.5301552268
4.53015522677
4.5301552265
4.53015522387
4.53015519915
4.53015497408
4.53015297791
4.53013561871
4.52998592208
4.52868189058
4.51691420977
4.40976510381
3.73038165952
2.30623420426
1.27134119999
1.09222184931
4.5301552268
4.5301552268
4.5301552268
4.5301552268
4.5301552268
4.5301552268
4.5301552268
4.5301552268
4.5301552268
4.5301552268
4.5301552268
4.5301552268
4.5301552268
4.5301552268
4.5301552268
4.5301552268
4.5301552268
4.5301552268
4.5301552268
4.5301552268
4.5301552268
4.5301552268
4.5301552268
4.5301552268
4.5301552268
4.5301552268
4.5301552268
4.5301552268
4.5301552268
4.5301552268
4.5301552268
4.5301552268
4.5301552268
4.5301552268
4.5301552268
4.5301552268
4.5301552268
4.5301552268
4.5301552268
4.5301552268
4.5301552268
4.5301552268
4.5301552268
4.5301552268
4.5301552268
4.53015522677
4.53015522649
4.53015522384
4.53015519891
4.53015497228
4.53015296627
4.53013555868
4.52998580668
4.5286849724
4.51698252255
4.41074583515
3.73720028197
2.31927070219
1.28653454114
1.10373944671
4.5301552268
4.5301552268
4.5301552268
4.5301552268
4.5301552268
4.5301552268
4.5301552268
4.5301552268
4.5301552268
4.5301552268
4.5301552268
4.5301552268
4.5301552268
4.5301552268
4.5301552268
4.5301552268
4.5301552268
4.5301552268
4.5301552268
4.5301552268
4.5301552268
4.5301552268
4.5301552268
4.5301552268
4.5301552268
4.5301552268
4.5301552268
4.5301552268
4.5301552268
4.5301552268
4.5301552268
4.5301552268
4.5301552268
4.5301552268
4.5301552268
4.5301552268
4.5301552268
4.5301552268
4.5301552268
4.5301552268
4.5301552268
4.5301552268
4.5301552268
4.5301552268
4.5301552268
4.53015522677
4.53015522649
4.5301552238
4.53015519862
4.53015497013
4.53015295214
4.53013548281
4.52998565468
4.52868842467
4.51706225876
4.41190166922
3.74528373614
2.33480461825
1.30461118356
1.11745886443
4.5301552268
4.5301552268
4.5301552268
4.5301552268
4.5301552268
4.5301552268
4.5301552268
4.5301552268
4.5301552268
4.5301552268
4.5301552268
4.5301552268
4.5301552268
4.5301552268
4.5301552268
4.5301552268
4.5301552268
4.5301552268
4.5301552268
4.5301552268
4.5301552268
4.5301552268
4.5301552268
4.5301552268
4.5301552268
4.5301552268
4.5301552268
4.5301552268
4.5301552268
4.5301552268
4.5301552268
4.5301552268
4.5301552268
4.5301552268
4.5301552268
4.5301552268
4.5301552268
4.5301552268
4.5301552268
4.5301552268
4.5301552268
4.5301552268
4.5301552268
4.5301552268
4.53015522679
4.53015522677
4.53015522649
4.53015522376
4.53015519828
4.5301549676
4.53015293542
4.53013539563
4.52998546724
4.52869229377
4.5171536898
4.41322853376
3.75459190487
2.3528164967
1.32548119531
1.13333347609
4.5301552268
4.5301552268
4.5301552268
4.5301552268
4.5301552268
4.5301552268
4.5301552268
4.5301552268
4.5301552268
4.5301552268
4.5301552268
4.5301552268
4.5301552268
4.5301552268
4.5301552268
4.5301552268
4.5301552268
4.5301552268
4.5301552268
4.5301552268
4.5301552268
4.5301552268
4.5301552268
4.5301552268
4.5301552268
4.5301552268
4.5301552268
4.5301552268
4.5301552268
4.5301552268
4.5301552268
4.5301552268
4.5301552268
4.5301552268
4.5301552268
4.5301552268
4.5301552268
4.5301552268
4.5301552268
4.5301552268
4.5301552268
4.5301552268
4.5301552268
4.5301552268
4.53015522679
4.53015522677
4.53015522648
4.53015522371
4.53015519788
4.53015496461
4.53015291571
4.53013529315
4.52998522726
4.52869664132
4.51725508685
4.41470626525
3.76503650281
2.37321905058
1.34909669435
1.15132901484
4.5301552268
4.5301552268
4.5301552268
4.5301552268
4.5301552268
4.5301552268
4.5301552268
4.5301552268
4.5301552268
4.5301552268
4.5301552268
4.5301552268
4.5301552268
4.5301552268
4.5301552268
4.5301552268
4.5301552268
4.5301552268
4.5301552268
4.5301552268
4.5301552268
4.5301552268
4.5301552268
4.5301552268
4.5301552268
4.5301552268
4.5301552268
4.5301552268
4.5301552268
4.5301552268
4.5301552268
4.5301552268
4.5301552268
4.5301552268
4.5301552268
4.5301552268
4.5301552268
4.5301552268
4.5301552268
4.5301552268
4.5301552268
4.5301552268
4.5301552268
4.5301552268
4.53015522679
4.53015522677
4.53015522647
4.53015522365
4.53015519743
4.53015496127
4.53015289364
4.53013517644
4.52998495026
4.52870120546
4.51736704581
4.41633118952
3.77660482003
2.3960065542
1.37537063295
1.17139249855
4.5301552268
4.5301552268
4.5301552268
4.5301552268
4.5301552268
4.5301552268
4.5301552268
4.5301552268
4.5301552268
4.5301552268
4.5301552268
4.5301552268
4.5301552268
4.5301552268
4.5301552268
4.5301552268
4.5301552268
4.5301552268
4.5301552268
4.5301552268
4.5301552268
4.5301552268
4.5301552268
4.5301552268
4.5301552268
4.5301552268
4.5301552268
4.5301552268
4.5301552268
4.5301552268
4.5301552268
4.5301552268
4.5301552268
4.5301552268
4.5301552268
4.5301552268
4.5301552268
4.5301552268
4.5301552268
4.5301552268
4.5301552268
4.5301552268
4.5301552268
4.5301552268
4.53015522679
4.53015522676
4.53015522647
4.53015522359
4.53015519691
4.53015495743
4.53015286839
4.53013504219
4.52998461246
4.5287061296
4.51748697636
4.41809102594
3.78920192216
2.42110216352
1.40422509188
1.19348121613
4.5301552268
4.5301552268
4.5301552268
4.5301552268
4.5301552268
4.5301552268
4.5301552268
4.5301552268
4.5301552268
4.5301552268
4.5301552268
4.5301552268
4.5301552268
4.5301552268
4.5301552268
4.5301552268
4.5301552268
4.5301552268
4.5301552268
4.5301552268
4.5301552268
4.5301552268
4.5301552268
4.5301552268
4.5301552268
4.5301552268
4.5301552268
4.5301552268
4.5301552268
4.5301552268
4.5301552268
4.5301552268
4.5301552268
4.5301552268
4.5301552268
4.5301552268
4.5301552268
4.5301552268
4.5301552268
4.5301552268
4.5301552268
4.5301552268
4.5301552268
4.5301552268
4.53015522679
4.53015522676
4.53015522646
4.53015522352
4.53015519633
4.53015495314
4.53015284004
4.53013489019
4.52998422424
4.52871125966
4.51761617894
4.41997550836
3.80277524567
2.4484347832
1.43557793067
1.21754181186
4.5301552268
4.5301552268
4.5301552268
4.5301552268
4.5301552268
4.5301552268
4.5301552268
4.5301552268
4.5301552268
4.5301552268
4.5301552268
4.5301552268
4.5301552268
4.5301552268
4.5301552268
4.5301552268
4.5301552268
4.5301552268
4.5301552268
4.5301552268
4.5301552268
4.5301552268
4.5301552268
4.5301552268
4.5301552268
4.5301552268
4.5301552268
4.5301552268
4.5301552268
4.5301552268
4.5301552268
4.5301552268
4.5301552268
4.5301552268
4.5301552268
4.5301552268
4.5301552268
4.5301552268
4.5301552268
4.5301552268
4.5301552268
4.5301552268
4.5301552268
4.5301552268
4.53015522679
4.53015522676
4.53015522645
4.53015522344
4.53015519569
4.53015494836
4.5301528087
4.53013472196
4.52998374823
4.52871636494
4.51775173838
4.42197142942
3.81724314089
2.47795978671
1.46935687716
1.24354408591
4.5301552268
4.5301552268
4.5301552268
4.5301552268
4.5301552268
4.5301552268
4.5301552268
4.5301552268
4.5301552268
4.5301552268
4.5301552268
4.5301552268
4.5301552268
4.5301552268
4.5301552268
4.5301552268
4.5301552268
4.5301552268
4.5301552268
4.5301552268
4.5301552268
4.5301552268
4.5301552268
4.5301552268
4.5301552268
4.5301552268
4.5301552268
4.5301552268
4.5301552268
4.5301552268
4.5301552268
4.5301552268
4.5301552268
4.5301552268
4.5301552268
4.5301552268
4.5301552268
4.5301552268
4.5301552268
4.5301552268
4.5301552268
4.5301552268
4.5301552268
4.5301552268
4.53015522679
4.53015522676
4.53015522644
4.53015522335
4.53015519497
4.5301549431
4.53015277385
4.53013453568
4.52998321041
4.52872180084
4.51789553777
4.42406895887
3.8325612872
2.5096082995
1.50549956098
1.27143898345
4.5301552268
4.5301552268
4.5301552268
4.5301552268
4.5301552268
4.5301552268
4.5301552268
4.5301552268
4.5301552268
4.5301552268
4.5301552268
4.5301552268
4.5301552268
4.5301552268
4.5301552268
4.5301552268
4.5301552268
4.5301552268
4.5301552268
4.5301552268
4.5301552268
4.5301552268
4.5301552268
4.5301552268
4.5301552268
4.5301552268
4.5301552268
4.5301552268
4.5301552268
4.5301552268
4.5301552268
4.5301552268
4.5301552268
4.5301552268
4.5301552268
4.5301552268
4.5301552268
4.5301552268
4.5301552268
4.5301552268
4.5301552268
4.5301552268
4.5301552268
4.5301552268
4.53015522679
4.53015522676
4.53015522643
4.53015522325
4.53015519419
4.53015493727
4.53015273557
4.53013432799
4.52998260418
4.52872720346
4.51804400167
4.42625128084
3.84864050928
2.54329668359
1.54392049411
1.30118154783
4.5301552268
4.5301552268
4.5301552268
4.5301552268
4.5301552268
4.5301552268
4.5301552268
4.5301552268
4.5301552268
4.5301552268
4.5301552268
4.5301552268
4.5301552268
4.5301552268
4.5301552268
4.5301552268
4.5301552268
4.5301552268
4.5301552268
4.5301552268
4.5301552268
4.5301552268
4.5301552268
4.5301552268
4.5301552268
4.5301552268
4.5301552268
4.5301552268
4.5301552268
4.5301552268
4.5301552268
4.5301552268
4.5301552268
4.5301552268
4.5301552268
4.5301552268
4.5301552268
4.5301552268
4.5301552268
4.5301552268
4.5301552268
4.5301552268
4.5301552268
4.5301552268
4.53015522679
4.53015522676
4.53015522641
4.53015522314
4.53015519331
4.53015493082
4.53015269317
4.53013409808
4.52998187755
4.5287324481
4.51819627779
4.42850899268
3.86538422609
2.57891860342
1.58454124057
1.33272623206
4.5301552268
4.5301552268
4.5301552268
4.5301552268
4.5301552268
4.5301552268
4.5301552268
4.5301552268
4.5301552268
4.5301552268
4.5301552268
4.5301552268
4.5301552268
4.5301552268
4.5301552268
4.5301552268
4.5301552268
4.5301552268
4.5301552268
4.5301552268
4.5301552268
4.5301552268
4.5301552268
4.5301552268
4.5301552268
4.5301552268
4.5301552268
4.5301552268
4.5301552268
4.5301552268
4.5301552268
4.5301552268
4.5301552268
4.5301552268
4.5301552268
4.5301552268
4.5301552268
4.5301552268
4.5301552268
4.5301552268
4.5301552268
4.5301552268
4.5301552268
4.5301552268
4.53015522679
4.53015522676
4.5301552264
4.53015522302
4.53015519235
4.5301549238
4.53015264676
4.53013384523
4.52998105431
4.52873745921
4.5183523172
4.43081317426
3.8826600254
2.6163360923
1.62725093436
1.36601783506
4.5301552268
4.5301552268
4.5301552268
4.5301552268
4.5301552268
4.5301552268
4.5301552268
4.5301552268
4.5301552268
4.5301552268
4.5301552268
4.5301552268
4.5301552268
4.5301552268
4.5301552268
4.5301552268
4.5301552268
4.5301552268
4.5301552268
4.5301552268
4.5301552268
4.5301552268
4.5301552268
4.5301552268
4.5301552268
4.5301552268
4.5301552268
4.5301552268
4.5301552268
4.5301552268
4.5301552268
4.5301552268
4.5301552268
4.5301552268
4.5301552268
4.5301552268
4.5301552268
4.5301552268
4.5301552268
4.5301552268
4.5301552268
4.5301552268
4.5301552268
4.5301552268
4.53015522679
4.53015522676
4.53015522638
4.53015522289
4.53015519131
4.53015491609
4.53015259638
4.53013356776
4.52998012715
4.52874232983
4.51851077633
4.43317064913
3.9004593489
2.65556545528
1.67205077383
1.40106028416
4.5301552268
4.5301552268
4.5301552268
4.5301552268
4.5301552268
4.5301552268
4.5301552268
4.5301552268
4.5301552268
4.5301552268
4.5301552268
4.5301552268
4.5301552268
4.5301552268
4.5301552268
4.5301552268
4.5301552268
4.5301552268
4.5301552268
4.5301552268
4.5301552268
4.5301552268
4.5301552268
4.5301552268
4.5301552268
4.5301552268
4.5301552268
4.5301552268
4.5301552268
4.5301552268
4.5301552268
4.5301552268
4.5301552268
4.5301552268
4.5301552268
4.5301552268
4.5301552268
4.5301552268
4.5301552268
4.5301552268
4.5301552268
4.5301552268
4.5301552268
4.5301552268
4.53015522679
4.53015522675
4.53015522637
4.53015522275
4.53015519016
4.53015490768
4.53015254112
4.53013326773
4.52997908717
4.52874699583
4.51867112396
4.43556475996
3.91868800974
2.69645240801
1.71884902991
1.43780218468
4.5301552268
4.5301552268
4.5301552268
4.5301552268
4.5301552268
4.5301552268
4.5301552268
4.5301552268
4.5301552268
4.5301552268
4.5301552268
4.5301552268
4.5301552268
4.5301552268
4.5301552268
4.5301552268
4.5301552268
4.5301552268
4.5301552268
4.5301552268
4.5301552268
4.5301552268
4.5301552268
4.5301552268
4.5301552268
4.5301552268
4.5301552268
4.5301552268
4.5301552268
4.5301552268
4.5301552268
4.5301552268
4.5301552268
4.5301552268
4.5301552268
4.5301552268
4.5301552268
4.5301552268
4.5301552268
4.5301552268
4.5301552268
4.5301552268
4.5301552268
4.5301552268
4.53015522679
4.53015522675
4.53015522635
4.53015522259
4.5301551889
4.53015489853
4.53015248125
4.53013293548
4.52997791597
4.52875123451
4.51883260913
4.43798610696
3.93727218391
2.73893794619
1.76761874702
1.47624950278
4.5301552268
4.5301552268
4.5301552268
4.5301552268
4.5301552268
4.5301552268
4.5301552268
4.5301552268
4.5301552268
4.5301552268
4.5301552268
4.5301552268
4.5301552268
4.5301552268
4.5301552268
4.5301552268
4.5301552268
4.5301552268
4.5301552268
4.5301552268
4.5301552268
4.5301552268
4.5301552268
4.5301552268
4.5301552268
4.5301552268
4.5301552268
4.5301552268
4.5301552268
4.5301552268
4.5301552268
4.5301552268
4.5301552268
4.5301552268
4.5301552268
4.5301552268
4.5301552268
4.5301552268
4.5301552268
4.5301552268
4.5301552268
4.5301552268
4.5301552268
4.5301552268
4.53015522679
4.53015522675
4.53015522633
4.53015522241
4.53015518753
4.53015488857
4.53015241619
4.5301325788
4.52997660727
4.52875502
4.51899470085
4.44042345053
3.95613331743
2.78290144673
1.81830445492
1.51637254622
4.5301552268
4.5301552268
4.5301552268
4.5301552268
4.5301552268
4.5301552268
4.5301552268
4.5301552268
4.5301552268
4.5301552268
4.5301552268
4.5301552268
4.5301552268
4.5301552268
4.5301552268
4.5301552268
4.5301552268
4.5301552268
4.5301552268
4.5301552268
4.5301552268
4.5301552268
4.5301552268
4.5301552268
4.5301552268
4.5301552268
4.5301552268
4.5301552268
4.5301552268
4.5301552268
4.5301552268
4.5301552268
4.5301552268
4.5301552268
4.5301552268
4.5301552268
4.5301552268
4.5301552268
4.5301552268
4.5301552268
4.5301552268
4.5301552268
4.5301552268
4.5301552268
4.53015522679
4.53015522675
4.53015522631
4.53015522223
4.53015518604
4.53015487776
4.5301523458
4.5301321885
4.52997517463
4.52875826513
4.51915562322
4.44285464894
3.9751421467
2.82818409191
1.87077643707
1.55811108122
4.5301552268
4.5301552268
4.5301552268
4.5301552268
4.5301552268
4.5301552268
4.5301552268
4.5301552268
4.5301552268
4.5301552268
4.5301552268
4.5301552268
4.5301552268
4.5301552268
4.5301552268
4.5301552268
4.5301552268
4.5301552268
4.5301552268
4.5301552268
4.5301552268
4.5301552268
4.5301552268
4.5301552268
4.5301552268
4.5301552268
4.5301552268
4.5301552268
4.5301552268
4.5301552268
4.5301552268
4.5301552268
4.5301552268
4.5301552268
4.5301552268
4.5301552268
4.5301552268
4.5301552268
4.5301552268
4.5301552268
4.5301552268
4.5301552268
4.5301552268
4.5301552268
4.53015522679
4.53015522674
4.53015522628
4.53015522202
4.53015518442
4.53015486602
4.53015226899
4.53013176403
4.52997353976
4.52876109169
4.51931453417
4.44528300558
3.99424993368
2.87470270391
1.92505468768
1.6014919101
4.5301552268
4.5301552268
4.5301552268
4.5301552268
4.5301552268
4.5301552268
4.5301552268
4.5301552268
4.5301552268
4.5301552268
4.5301552268
4.5301552268
4.5301552268
4.5301552268
4.5301552268
4.5301552268
4.5301552268
4.5301552268
4.5301552268
4.5301552268
4.5301552268
4.5301552268
4.5301552268
4.5301552268
4.5301552268
4.5301552268
4.5301552268
4.5301552268
4.5301552268
4.5301552268
4.5301552268
4.5301552268
4.5301552268
4.5301552268
4.5301552268
4.5301552268
4.5301552268
4.5301552268
4.5301552268
4.5301552268
4.5301552268
4.5301552268
4.5301552268
4.5301552268
4.53015522679
4.53015522674
4.53015522625
4.53015522179
4.53015518265
4.53015485324
4.53015218635
4.5301313036
4.5299717601
4.52876297377
4.51947181459
4.44769277477
4.01338399795
2.92227477729
1.9810051263
1.64645298349
4.5301552268
4.5301552268
4.5301552268
4.5301552268
4.5301552268
4.5301552268
4.5301552268
4.5301552268
4.5301552268
4.5301552268
4.5301552268
4.5301552268
4.5301552268
4.5301552268
4.5301552268
4.5301552268
4.5301552268
4.5301552268
4.5301552268
4.5301552268
4.5301552268
4.5301552268
4.5301552268
4.5301552268
4.5301552268
4.5301552268
4.5301552268
4.5301552268
4.5301552268
4.5301552268
4.5301552268
4.5301552268
4.5301552268
4.5301552268
4.5301552268
4.5301552268
4.5301552268
4.5301552268
4.5301552268
4.5301552268
4.5301552268
4.5301552268
4.5301552268
4.5301552268
4.53015522679
4.53015522674
4.53015522622
4.53015522155
4.53015518073
4.5301548395
4.53015209709
4.53013081052
4.52996983048
4.52876453361
4.51962662181
4.45008337529
4.03248601017
2.97089138488
2.03866272557
1.69305802616
4.5301552268
4.5301552268
4.5301552268
4.5301552268
4.5301552268
4.5301552268
4.5301552268
4.5301552268
4.5301552268
4.5301552268
4.5301552268
4.5301552268
4.5301552268
4.5301552268
4.5301552268
4.5301552268
4.5301552268
4.5301552268
4.5301552268
4.5301552268
4.5301552268
4.5301552268
4.5301552268
4.5301552268
4.5301552268
4.5301552268
4.5301552268
4.5301552268
4.5301552268
4.5301552268
4.5301552268
4.5301552268
4.5301552268
4.5301552268
4.5301552268
4.5301552268
4.5301552268
4.5301552268
4.5301552268
4.5301552268
4.5301552268
4.5301552268
4.5301552268
4.5301552268
4.53015522679
4.53015522673
4.53015522619
4.53015522128
4.53015517865
4.5301548245
4.5301520004
4.53013027615
4.52996767502
4.52876516281
4.51977829309
4.45244465996
4.05149928341
3.02039562591
2.09797975585
1.74127224118
4.5301552268
4.5301552268
4.5301552268
4.5301552268
4.5301552268
4.5301552268
4.5301552268
4.5301552268
4.5301552268
4.5301552268
4.5301552268
4.5301552268
4.5301552268
4.5301552268
4.5301552268
4.5301552268
4.5301552268
4.5301552268
4.5301552268
4.5301552268
4.5301552268
4.5301552268
4.5301552268
4.5301552268
4.5301552268
4.5301552268
4.5301552268
4.5301552268
4.5301552268
4.5301552268
4.5301552268
4.5301552268
4.5301552268
4.5301552268
4.5301552268
4.5301552268
4.5301552268
4.5301552268
4.5301552268
4.5301552268
4.5301552268
4.5301552268
4.5301552268
4.5301552268
4.53015522679
4.53015522673
4.53015522616
4.53015522099
4.53015517638
4.53015480831
4.5301518964
4.53012969991
4.52996532666
4.5287648924
4.51992612381
4.45476868807
4.07034544248
3.07062274294
2.15883331147
1.79109524057
4.5301552268
4.5301552268
4.5301552268
4.5301552268
4.5301552268
4.5301552268
4.5301552268
4.5301552268
4.5301552268
4.5301552268
4.5301552268
4.5301552268
4.5301552268
4.5301552268
4.5301552268
4.5301552268
4.5301552268
4.5301552268
4.5301552268
4.5301552268
4.5301552268
4.5301552268
4.5301552268
4.5301552268
4.5301552268
4.5301552268
4.5301552268
4.5301552268
4.5301552268
4.5301552268
4.5301552268
4.5301552268
4.5301552268
4.5301552268
4.5301552268
4.5301552268
4.5301552268
4.5301552268
4.5301552268
4.5301552268
4.5301552268
4.5301552268
4.5301552268
4.5301552268
4.53015522679
4.53015522673
4.53015522612
4.53015522067
4.53015517392
4.53015479089
4.53015178411
4.530129079
4.52996277676
4.52876392662
4.52006974389
4.45705031538
4.08896766171
3.12142359316
2.22118466766
1.84247305317
4.5301552268
4.5301552268
4.5301552268
4.5301552268
4.5301552268
4.5301552268
4.5301552268
4.5301552268
4.5301552268
4.5301552268
4.5301552268
4.5301552268
4.5301552268
4.5301552268
4.5301552268
4.5301552268
4.5301552268
4.5301552268
4.5301552268
4.5301552268
4.5301552268
4.5301552268
4.5301552268
4.5301552268
4.5301552268
4.5301552268
4.5301552268
4.5301552268
4.5301552268
4.5301552268
4.5301552268
4.5301552268
4.5301552268
4.5301552268
4.5301552268
4.5301552268
4.5301552268
4.5301552268
4.5301552268
4.5301552268
4.5301552268
4.5301552268
4.5301552268
4.5301552268
4.53015522679
4.53015522672
4.53015522608
4.53015522032
4.53015517124
4.53015477185
4.5301516631
4.53012841107
4.52996003681
4.52876201744
4.52020971675
4.45928111461
4.10730877901
3.17268403783
2.28498284183
1.89548110462
4.5301552268
4.5301552268
4.5301552268
4.5301552268
4.5301552268
4.5301552268
4.5301552268
4.5301552268
4.5301552268
4.5301552268
4.5301552268
4.5301552268
4.5301552268
4.5301552268
4.5301552268
4.5301552268
4.5301552268
4.5301552268
4.5301552268
4.5301552268
4.5301552268
4.5301552268
4.5301552268
4.5301552268
4.5301552268
4.5301552268
4.5301552268
4.5301552268
4.5301552268
4.5301552268
4.5301552268
4.5301552268
4.5301552268
4.5301552268
4.5301552268
4.5301552268
4.5301552268
4.5301552268
4.5301552268
4.5301552268
4.5301552268
4.5301552268
4.5301552268
4.5301552268
4.53015522679
4.53015522672
4.53015522603
4.53015521994
4.53015516834
4.53015475153
4.53015153354
4.53012769634
4.52995703243
4.52875902935
4.52034381071
4.46147148405
4.1253351381
3.22427016925
2.35015447248
1.95007755128
4.5301552268
4.5301552268
4.5301552268
4.5301552268
4.5301552268
4.5301552268
4.5301552268
4.5301552268
4.5301552268
4.5301552268
4.5301552268
4.5301552268
4.5301552268
4.5301552268
4.5301552268
4.5301552268
4.5301552268
4.5301552268
4.5301552268
4.5301552268
4.5301552268
4.5301552268
4.5301552268
4.5301552268
4.5301552268
4.5301552268
4.5301552268
4.5301552268
4.5301552268
4.5301552268
4.5301552268
4.5301552268
4.5301552268
4.5301552268
4.5301552268
4.5301552268
4.5301552268
4.5301552268
4.5301552268
4.5301552268
4.5301552268
4.5301552268
4.5301552268
4.5301552268
4.53015522679
4.53015522671
4.53015522598
4.53015521953
4.53015516521
4.53015472951
4.53015139409
4.53012693046
4.5299538104
4.52875545239
4.52047421938
4.463608545
4.14303905033
3.27607228705
2.41663785845
2.00626695402
4.5301552268
4.5301552268
4.5301552268
4.5301552268
4.5301552268
4.5301552268
4.5301552268
4.5301552268
4.5301552268
4.5301552268
4.5301552268
4.5301552268
4.5301552268
4.5301552268
4.5301552268
4.5301552268
4.5301552268
4.5301552268
4.5301552268
4.5301552268
4.5301552268
4.5301552268
4.5301552268
4.5301552268
4.5301552268
4.5301552268
4.5301552268
4.5301552268
4.5301552268
4.5301552268
4.5301552268
4.5301552268
4.5301552268
4.5301552268
4.5301552268
4.5301552268
4.5301552268
4.5301552268
4.5301552268
4.5301552268
4.5301552268
4.5301552268
4.5301552268
4.5301552268
4.53015522679
4.5301552267
4.53015522592
4.53015521908
4.5301551618
4.53015470576
4.53015124402
4.53012611116
4.52995035503
4.5287507968
4.52060055201
4.46569092345
4.16033963393
3.32795028338
2.4843723974
2.0640721033
4.5301552268
4.5301552268
4.5301552268
4.5301552268
4.5301552268
4.5301552268
4.5301552268
4.5301552268
4.5301552268
4.5301552268
4.5301552268
4.5301552268
4.5301552268
4.5301552268
4.5301552268
4.5301552268
4.5301552268
4.5301552268
4.5301552268
4.5301552268
4.5301552268
4.5301552268
4.5301552268
4.5301552268
4.5301552268
4.5301552268
4.5301552268
4.5301552268
4.5301552268
4.5301552268
4.5301552268
4.5301552268
4.5301552268
4.5301552268
4.5301552268
4.5301552268
4.5301552268
4.5301552268
4.5301552268
4.5301552268
4.5301552268
4.5301552268
4.5301552268
4.5301552268
4.53015522679
4.5301552267
4.53015522586
4.53015521859
4.53015515812
4.53015468013
4.53015108412
4.53012524071
4.5299466664
4.52874508719
4.52072076797
4.46772223712
4.1772371398
3.37977634303
2.55326906109
2.12350766853
4.5301552268
4.5301552268
4.5301552268
4.5301552268
4.5301552268
4.5301552268
4.5301552268
4.5301552268
4.5301552268
4.5301552268
4.5301552268
4.5301552268
4.5301552268
4.5301552268
4.5301552268
4.5301552268
4.5301552268
4.5301552268
4.5301552268
4.5301552268
4.5301552268
4.5301552268
4.5301552268
4.5301552268
4.5301552268
4.5301552268
4.5301552268
4.5301552268
4.5301552268
4.5301552268
4.5301552268
4.5301552268
4.5301552268
4.5301552268
4.5301552268
4.5301552268
4.5301552268
4.5301552268
4.5301552268
4.5301552268
4.5301552268
4.5301552268
4.5301552268
4.5301552268
4.53015522679
4.53015522669
4.5301552258
4.53015521806
4.53015515415
4.53015465275
4.53015091309
4.53012431184
4.52994273101
4.52873864991
4.52083788721
4.46969908548
4.19372536332
3.43141027777
2.62325919563
2.18457237367
4.5301552268
4.5301552268
4.5301552268
4.5301552268
4.5301552268
4.5301552268
4.5301552268
4.5301552268
4.5301552268
4.5301552268
4.5301552268
4.5301552268
4.5301552268
4.5301552268
4.5301552268
4.5301552268
4.5301552268
4.5301552268
4.5301552268
4.5301552268
4.5301552268
4.5301552268
4.5301552268
4.5301552268
4.5301552268
4.5301552268
4.5301552268
4.5301552268
4.5301552268
4.5301552268
4.5301552268
4.5301552268
4.5301552268
4.5301552268
4.5301552268
4.5301552268
4.5301552268
4.5301552268
4.5301552268
4.5301552268
4.5301552268
4.5301552268
4.5301552268
4.5301552268
4.53015522679
4.53015522668
4.53015522573
4.53015521748
4.53015514984
4.53015462329
4.53015073003
4.53012332437
4.52993856391
4.52873145494
4.52095018831
4.47162635948
4.20977561057
3.48273434819
2.69423408261
2.2472324026
4.5301552268
4.5301552268
4.5301552268
4.5301552268
4.5301552268
4.5301552268
4.5301552268
4.5301552268
4.5301552268
4.5301552268
4.5301552268
4.5301552268
4.5301552268
4.5301552268
4.5301552268
4.5301552268
4.5301552268
4.5301552268
4.5301552268
4.5301552268
4.5301552268
4.5301552268
4.5301552268
4.5301552268
4.5301552268
4.5301552268
4.5301552268
4.5301552268
4.5301552268
4.5301552268
4.5301552268
4.5301552268
4.5301552268
4.5301552268
4.5301552268
4.5301552268
4.5301552268
4.5301552268
4.5301552268
4.5301552268
4.5301552268
4.5301552268
4.5301552268
4.5301552268
4.53015522678
4.53015522667
4.53015522565
4.53015521686
4.53015514521
4.53015459164
4.53015053495
4.53012228285
4.52993413943
4.52872331446
4.52105909648
4.47350248007
4.22536914108
3.53363269421
2.76610814689
2.3115642415
4.5301552268
4.5301552268
4.5301552268
4.5301552268
4.5301552268
4.5301552268
4.5301552268
4.5301552268
4.5301552268
4.5301552268
4.5301552268
4.5301552268
4.5301552268
4.5301552268
4.5301552268
4.5301552268
4.5301552268
4.5301552268
4.5301552268
4.5301552268
4.5301552268
4.5301552268
4.5301552268
4.5301552268
4.5301552268
4.5301552268
4.5301552268
4.5301552268
4.5301552268
4.5301552268
4.5301552268
4.5301552268
4.5301552268
4.5301552268
4.5301552268
4.5301552268
4.5301552268
4.5301552268
4.5301552268
4.5301552268
4.5301552268
4.5301552268
4.5301552268
4.5301552268
4.53015522678
4.53015522666
4.53015522556
4.53015521618
4.53015514023
4.53015455774
4.53015032782
4.53012117548
4.52992950205
4.52871445526
4.5211655212
4.47532955197
4.2404931599
3.58395324672
2.83873737536
2.37747511465
4.5301552268
4.5301552268
4.5301552268
4.5301552268
4.5301552268
4.5301552268
4.5301552268
4.5301552268
4.5301552268
4.5301552268
4.5301552268
4.5301552268
4.5301552268
4.5301552268
4.5301552268
4.5301552268
4.5301552268
4.5301552268
4.5301552268
4.5301552268
4.5301552268
4.5301552268
4.5301552268
4.5301552268
4.5301552268
4.5301552268
4.5301552268
4.5301552268
4.5301552268
4.5301552268
4.5301552268
4.5301552268
4.5301552268
4.5301552268
4.5301552268
4.5301552268
4.5301552268
4.5301552268
4.5301552268
4.5301552268
4.5301552268
4.5301552268
4.5301552268
4.5301552268
4.53015522678
4.53015522665
4.53015522547
4.53015521546
4.53015513488
4.5301545216
4.53015010862
4.53012001295
4.52992462648
4.52870500661
4.52126733843
4.47710844228
4.25517524785
3.63366480044
2.9120776104
2.44506304154
4.5301552268
4.5301552268
4.5301552268
4.5301552268
4.5301552268
4.5301552268
4.5301552268
4.5301552268
4.5301552268
4.5301552268
4.5301552268
4.5301552268
4.5301552268
4.5301552268
4.5301552268
4.5301552268
4.5301552268
4.5301552268
4.5301552268
4.5301552268
4.5301552268
4.5301552268
4.5301552268
4.5301552268
4.5301552268
4.5301552268
4.5301552268
4.5301552268
4.5301552268
4.5301552268
4.5301552268
4.5301552268
4.5301552268
4.5301552268
4.5301552268
4.5301552268
4.5301552268
4.5301552268
4.5301552268
4.5301552268
4.5301552268
4.5301552268
4.5301552268
4.5301552268
4.53015522678
4.53015522664
4.53015522537
4.53015521466
4.53015512911
4.53015448319
4.53014987626
4.5301187952
4.52991959426
4.52869513997
4.52137018326
4.4788526944
4.26940775059
3.68264278235
2.98594522935
2.51423596922
4.5301552268
4.5301552268
4.5301552268
4.5301552268
4.5301552268
4.5301552268
4.5301552268
4.5301552268
4.5301552268
4.5301552268
4.5301552268
4.5301552268
4.5301552268
4.5301552268
4.5301552268
4.5301552268
4.5301552268
4.5301552268
4.5301552268
4.5301552268
4.5301552268
4.5301552268
4.5301552268
4.5301552268
4.5301552268
4.5301552268
4.5301552268
4.5301552268
4.5301552268
4.5301552268
4.5301552268
4.5301552268
4.5301552268
4.5301552268
4.5301552268
4.5301552268
4.5301552268
4.5301552268
4.5301552268
4.5301552268
4.5301552268
4.5301552268
4.5301552268
4.5301552268
4.53015522678
4.53015522663
4.53015522526
4.53015521382
4.53015512296
4.53015444238
4.53014963102
4.53011752347
4.52991436212
4.52868502547
4.52147087811
4.48055958724
4.28320265003
3.73076837222
3.06026859041
2.58512365558
4.5301552268
4.5301552268
4.5301552268
4.5301552268
4.5301552268
4.5301552268
4.5301552268
4.5301552268
4.5301552268
4.5301552268
4.5301552268
4.5301552268
4.5301552268
4.5301552268
4.5301552268
4.5301552268
4.5301552268
4.5301552268
4.5301552268
4.5301552268
4.5301552268
4.5301552268
4.5301552268
4.5301552268
4.5301552268
4.5301552268
4.5301552268
4.5301552268
4.5301552268
4.5301552268
4.5301552268
4.5301552268
4.5301552268
4.5301552268
4.5301552268
4.5301552268
4.5301552268
4.5301552268
4.5301552268
4.5301552268
4.5301552268
4.5301552268
4.5301552268
4.5301552268
4.53015522678
4.53015522661
4.53015522515
4.53015521291
4.53015511639
4.53015439903
4.53014937462
4.53011620195
4.5299090135
4.52867483736
4.52157196062
4.48223334876
4.29656224579
3.77798427657
3.13487308682
2.65759428427
4.5301552268
4.5301552268
4.5301552268
4.5301552268
4.5301552268
4.5301552268
4.5301552268
4.5301552268
4.5301552268
4.5301552268
4.5301552268
4.5301552268
4.5301552268
4.5301552268
4.5301552268
4.5301552268
4.5301552268
4.5301552268
4.5301552268
4.5301552268
4.5301552268
4.5301552268
4.5301552268
4.5301552268
4.5301552268
4.5301552268
4.5301552268
4.5301552268
4.5301552268
4.5301552268
4.5301552268
4.5301552268
4.5301552268
4.5301552268
4.5301552268
4.5301552268
4.5301552268
4.5301552268
4.5301552268
4.5301552268
4.5301552268
4.5301552268
4.5301552268
4.5301552268
4.53015522678
4.5301552266
4.53015522502
4.53015521194
4.53015510942
4.5301543534
4.53014910677
4.53011483903
4.5299035653
4.52866486699
4.52167534323
4.48388164012
4.30951351818
3.82419821343
3.20960055216
2.73167351801
4.5301552268
4.5301552268
4.5301552268
4.5301552268
4.5301552268
4.5301552268
4.5301552268
4.5301552268
4.5301552268
4.5301552268
4.5301552268
4.5301552268
4.5301552268
4.5301552268
4.5301552268
4.5301552268
4.5301552268
4.5301552268
4.5301552268
4.5301552268
4.5301552268
4.5301552268
4.5301552268
4.5301552268
4.5301552268
4.5301552268
4.5301552268
4.5301552268
4.5301552268
4.5301552268
4.5301552268
4.5301552268
4.5301552268
4.5301552268
4.5301552268
4.5301552268
4.5301552268
4.5301552268
4.5301552268
4.5301552268
4.5301552268
4.5301552268
4.5301552268
4.5301552268
4.53015522677
4.53015522658
4.53015522489
4.5301552109
4.53015510208
4.5301543056
4.53014882872
4.53011343954
4.52989811206
4.52865553321
4.52178238094
4.48551575592
4.32207216865
3.86939630975
3.28439220988
2.80742519279
4.5301552268
4.5301552268
4.5301552268
4.5301552268
4.5301552268
4.5301552268
4.5301552268
4.5301552268
4.5301552268
4.5301552268
4.5301552268
4.5301552268
4.5301552268
4.5301552268
4.5301552268
4.5301552268
4.5301552268
4.5301552268
4.5301552268
4.5301552268
4.5301552268
4.5301552268
4.5301552268
4.5301552268
4.5301552268
4.5301552268
4.5301552268
4.5301552268
4.5301552268
4.5301552268
4.5301552268
4.5301552268
4.5301552268
4.5301552268
4.5301552268
4.5301552268
4.5301552268
4.5301552268
4.5301552268
4.5301552268
4.5301552268
4.5301552268
4.5301552268
4.53015522679
4.53015522677
4.53015522656
4.53015522474
4.53015520981
4.53015509436
4.53015425575
4.53014854287
4.53011202465
4.52989268543
4.52864724838
4.52189497966
4.48713939793
4.33426589841
3.9135082802
3.35902986494
2.88477357269
4.5301552268
4.5301552268
4.5301552268
4.5301552268
4.5301552268
4.5301552268
4.5301552268
4.5301552268
4.5301552268
4.5301552268
4.5301552268
4.5301552268
4.5301552268
4.5301552268
4.5301552268
4.5301552268
4.5301552268
4.5301552268
4.5301552268
4.5301552268
4.5301552268
4.5301552268
4.5301552268
4.5301552268
4.5301552268
4.5301552268
4.5301552268
4.5301552268
4.5301552268
4.5301552268
4.5301552268
4.5301552268
4.5301552268
4.5301552268
4.5301552268
4.5301552268
4.5301552268
4.5301552268
4.5301552268
4.5301552268
4.5301552268
4.5301552268
4.5301552268
4.53015522679
4.53015522677
4.53015522654
4.53015522459
4.53015520866
4.53015508628
4.53015420458
4.53014825011
4.53011060796
4.52988744979
4.52864057706
4.52201545141
4.488760986
4.34611079411
3.95647572134
3.43341190295
2.96379006975
4.5301552268
4.5301552268
4.5301552268
4.5301552268
4.5301552268
4.5301552268
4.5301552268
4.5301552268
4.5301552268
4.5301552268
4.5301552268
4.5301552268
4.5301552268
4.5301552268
4.5301552268
4.5301552268
4.5301552268
4.5301552268
4.5301552268
4.5301552268
4.5301552268
4.5301552268
4.5301552268
4.5301552268
4.5301552268
4.5301552268
4.5301552268
4.5301552268
4.5301552268
4.5301552268
4.5301552268
4.5301552268
4.5301552268
4.5301552268
4.5301552268
4.5301552268
4.5301552268
4.5301552268
4.5301552268
4.5301552268
4.5301552268
4.5301552268
4.5301552268
4.53015522679
4.53015522677
4.53015522653
4.53015522443
4.53015520745
4.53015507795
4.53015415195
4.53014795666
4.53010920954
4.52988250152
4.52863609866
4.52214682099
4.490393892
4.35764252885
3.99833300996
3.5073785313
3.04441722434
4.5301552268
4.5301552268
4.5301552268
4.5301552268
4.5301552268
4.5301552268
4.5301552268
4.5301552268
4.5301552268
4.5301552268
4.5301552268
4.5301552268
4.5301552268
4.5301552268
4.5301552268
4.5301552268
4.5301552268
4.5301552268
4.5301552268
4.5301552268
4.5301552268
4.5301552268
4.5301552268
4.5301552268
4.5301552268
4.5301552268
4.5301552268
4.5301552268
4.5301552268
4.5301552268
4.5301552268
4.5301552268
4.5301552268
4.5301552268
4.5301552268
4.5301552268
4.5301552268
4.5301552268
4.5301552268
4.5301552268
4.5301552268
4.5301552268
4.5301552268
4.53015522679
4.53015522677
4.5301552265
4.53015522427
4.53015520622
4.53015506944
4.53015409877
4.53014766368
4.53010785267
4.52987794994
4.52863423727
4.52229148369
4.49204288106
4.3688868529
4.03901097286
3.580757423
3.12667678952
4.5301552268
4.5301552268
4.5301552268
4.5301552268
4.5301552268
4.5301552268
4.5301552268
4.5301552268
4.5301552268
4.5301552268
4.5301552268
4.5301552268
4.5301552268
4.5301552268
4.5301552268
4.5301552268
4.5301552268
4.5301552268
4.5301552268
4.5301552268
4.5301552268
4.5301552268
4.5301552268
4.5301552268
4.5301552268
4.5301552268
4.5301552268
4.5301552268
4.5301552268
4.5301552268
4.5301552268
4.5301552268
4.5301552268
4.5301552268
4.5301552268
4.5301552268
4.5301552268
4.5301552268
4.5301552268
4.5301552268
4.5301552268
4.5301552268
4.5301552268
4.53015522679
4.53015522676
4.53015522648
4.5301552241
4.53015520495
4.53015506083
4.53015404611
4.5301473779
4.53010657399
4.52987399831
4.52863613459
4.52245229217
4.4937227982
4.37988444374
4.07849977194
3.65339382769
3.21046597569
4.5301552268
4.5301552268
4.5301552268
4.5301552268
4.5301552268
4.5301552268
4.5301552268
4.5301552268
4.5301552268
4.5301552268
4.5301552268
4.5301552268
4.5301552268
4.5301552268
4.5301552268
4.5301552268
4.5301552268
4.5301552268
4.5301552268
4.5301552268
4.5301552268
4.5301552268
4.5301552268
4.5301552268
4.5301552268
4.5301552268
4.5301552268
4.5301552268
4.5301552268
4.5301552268
4.5301552268
4.5301552268
4.5301552268
4.5301552268
4.5301552268
4.5301552268
4.5301552268
4.5301552268
4.5301552268
4.5301552268
4.5301552268
4.5301552268
4.5301552268
4.53015522679
4.53015522676
4.53015522646
4.53015522392
4.53015520368
4.53015505231
4.53015399455
4.53014710685
4.53010541236
4.52987088615
4.52864264709
4.52263499915
4.49544513511
4.39065824675
4.11681517714
3.72516883309
3.29601263073
4.5301552268
4.5301552268
4.5301552268
4.5301552268
4.5301552268
4.5301552268
4.5301552268
4.5301552268
4.5301552268
4.5301552268
4.5301552268
4.5301552268
4.5301552268
4.5301552268
4.5301552268
4.5301552268
4.5301552268
4.5301552268
4.5301552268
4.5301552268
4.5301552268
4.5301552268
4.5301552268
4.5301552268
4.5301552268
4.5301552268
4.5301552268
4.5301552268
4.5301552268
4.5301552268
4.5301552268
4.5301552268
4.5301552268
4.5301552268
4.5301552268
4.5301552268
4.5301552268
4.5301552268
4.5301552268
4.5301552268
4.5301552268
4.5301552268
4.5301552268
4.53015522679
4.53015522676
4.53015522644
4.53015522375
4.53015520243
4.53015504405
4.53015394596
4.53014686042
4.53010442251
4.5298688142
4.5286551174
4.52284036665
4.49721779437
4.4012300414
4.15397163079
3.79591820505
3.38311328693
4.5301552268
4.5301552268
4.5301552268
4.5301552268
4.5301552268
4.5301552268
4.5301552268
4.5301552268
4.5301552268
4.5301552268
4.5301552268
4.5301552268
4.5301552268
4.5301552268
4.5301552268
4.5301552268
4.5301552268
4.5301552268
4.5301552268
4.5301552268
4.5301552268
4.5301552268
4.5301552268
4.5301552268
4.5301552268
4.5301552268
4.5301552268
4.5301552268
4.5301552268
4.5301552268
4.5301552268
4.5301552268
4.5301552268
4.5301552268
4.5301552268
4.5301552268
4.5301552268
4.5301552268
4.5301552268
4.5301552268
4.5301552268
4.5301552268
4.5301552268
4.53015522679
4.53015522676
4.53015522642
4.53015522359
4.53015520124
4.53015503637
4.530153902
4.53014664672
4.53010365718
4.52986814761
4.5286744291
4.52307528931
4.49905644121
4.41164734843
4.18996403128
3.86548420065
3.47186429237
4.5301552268
4.5301552268
4.5301552268
4.5301552268
4.5301552268
4.5301552268
4.5301552268
4.5301552268
4.5301552268
4.5301552268
4.5301552268
4.5301552268
4.5301552268
4.5301552268
4.5301552268
4.5301552268
4.5301552268
4.5301552268
4.5301552268
4.5301552268
4.5301552268
4.5301552268
4.5301552268
4.5301552268
4.5301552268
4.5301552268
4.5301552268
4.5301552268
4.5301552268
4.5301552268
4.5301552268
4.5301552268
4.5301552268
4.5301552268
4.5301552268
4.5301552268
4.5301552268
4.5301552268
4.5301552268
4.5301552268
4.5301552268
4.5301552268
4.5301552268
4.53015522679
4.53015522675
4.5301552264
4.53015522343
4.53015520017
4.53015502958
4.53015386463
4.5301464807
4.53010320089
4.52986914519
4.52870240462
4.52334465017
4.50097941486
4.42193769112
4.22484501857
3.93371451046
3.56232476269
4.5301552268
4.5301552268
4.5301552268
4.5301552268
4.5301552268
4.5301552268
4.5301552268
4.5301552268
4.5301552268
4.5301552268
4.5301552268
4.5301552268
4.5301552268
4.5301552268
4.5301552268
4.5301552268
4.5301552268
4.5301552268
4.5301552268
4.5301552268
4.5301552268
4.5301552268
4.5301552268
4.5301552268
4.5301552268
4.5301552268
4.5301552268
4.5301552268
4.5301552268
4.5301552268
4.5301552268
4.5301552268
4.5301552268
4.5301552268
4.5301552268
4.5301552268
4.5301552268
4.5301552268
4.5301552268
4.5301552268
4.5301552268
4.5301552268
4.5301552268
4.53015522679
4.53015522675
4.53015522638
4.5301552233
4.53015519926
4.53015502409
4.53015383693
4.53014638026
4.53010314018
4.52987234039
4.52874077536
4.52365398615
4.50299475909
4.43214414929
4.25861320645
4.0005264747
3.65449927711
4.5301552268
4.5301552268
4.5301552268
4.5301552268
4.5301552268
4.5301552268
4.5301552268
4.5301552268
4.5301552268
4.5301552268
4.5301552268
4.5301552268
4.5301552268
4.5301552268
4.5301552268
4.5301552268
4.5301552268
4.5301552268
4.5301552268
4.5301552268
4.5301552268
4.5301552268
4.5301552268
4.5301552268
4.5301552268
4.5301552268
4.5301552268
4.5301552268
4.5301552268
4.5301552268
4.5301552268
4.5301552268
4.5301552268
4.5301552268
4.5301552268
4.5301552268
4.5301552268
4.5301552268
4.5301552268
4.5301552268
4.5301552268
4.5301552268
4.5301552268
4.53015522679
4.53015522675
4.53015522637
4.53015522319
4.53015519859
4.53015502046
4.53015382236
4.53014636445
4.53010357007
4.52987817626
4.52879127208
4.52401033081
4.50512327658
4.44230227361
4.2913637726
4.06584542973
3.74851835712
4.5301552268
4.5301552268
4.5301552268
4.5301552268
4.5301552268
4.5301552268
4.5301552268
4.5301552268
4.5301552268
4.5301552268
4.5301552268
4.5301552268
4.5301552268
4.5301552268
4.5301552268
4.5301552268
4.5301552268
4.5301552268
4.5301552268
4.5301552268
4.5301552268
4.5301552268
4.5301552268
4.5301552268
4.5301552268
4.5301552268
4.5301552268
4.5301552268
4.5301552268
4.5301552268
4.5301552268
4.5301552268
4.5301552268
4.5301552268
4.5301552268
4.5301552268
4.5301552268
4.5301552268
4.5301552268
4.5301552268
4.5301552268
4.5301552268
4.5301552268
4.53015522679
4.53015522675
4.53015522636
4.53015522313
4.53015519826
4.53015501944
4.53015382526
4.53014645744
4.53010464181
4.52988726228
4.52885646129
4.52441949796
4.50737668835
4.45241915085
4.32309404335
4.12950231424
3.84441754594
4.5301552268
4.5301552268
4.5301552268
4.5301552268
4.5301552268
4.5301552268
4.5301552268
4.5301552268
4.5301552268
4.5301552268
4.5301552268
4.5301552268
4.5301552268
4.5301552268
4.5301552268
4.5301552268
4.5301552268
4.5301552268
4.5301552268
4.5301552268
4.5301552268
4.5301552268
4.5301552268
4.5301552268
4.5301552268
4.5301552268
4.5301552268
4.5301552268
4.5301552268
4.5301552268
4.5301552268
4.5301552268
4.5301552268
4.5301552268
4.5301552268
4.5301552268
4.5301552268
4.5301552268
4.5301552268
4.5301552268
4.5301552268
4.5301552268
4.5301552268
4.53015522679
4.53015522675
4.53015522635
4.53015522313
4.5301551984
4.53015502162
4.53015385042
4.53014668963
4.53010648174
4.52990025296
4.52893857828
4.52488975439
4.50977647049
4.46255248364
4.353842059
4.19144541844
3.94240022466
4.5301552268
4.5301552268
4.5301552268
4.5301552268
4.5301552268
4.5301552268
4.5301552268
4.5301552268
4.5301552268
4.5301552268
4.5301552268
4.5301552268
4.5301552268
4.5301552268
4.5301552268
4.5301552268
4.5301552268
4.5301552268
4.5301552268
4.5301552268
4.5301552268
4.5301552268
4.5301552268
4.5301552268
4.5301552268
4.5301552268
4.5301552268
4.5301552268
4.5301552268
4.5301552268
4.5301552268
4.5301552268
4.5301552268
4.5301552268
4.5301552268
4.5301552268
4.5301552268
4.5301552268
4.5301552268
4.5301552268
4.5301552268
4.5301552268
4.5301552268
4.53015522679
4.53015522675
4.53015522636
4.53015522321
4.53015519914
4.53015502827
4.5301539045
4.53014709323
4.53010926387
4.52991781461
4.52904034646
4.52542861619
4.51233087821
4.47271970155
4.38371113659
4.25164396048
4.04268835381
4.5301552268
4.5301552268
4.5301552268
4.5301552268
4.5301552268
4.5301552268
4.5301552268
4.5301552268
4.5301552268
4.5301552268
4.5301552268
4.5301552268
4.5301552268
4.5301552268
4.5301552268
4.5301552268
4.5301552268
4.5301552268
4.5301552268
4.5301552268
4.5301552268
4.5301552268
4.5301552268
4.5301552268
4.5301552268
4.5301552268
4.5301552268
4.5301552268
4.5301552268
4.5301552268
4.5301552268
4.5301552268
4.5301552268
4.5301552268
4.5301552268
4.5301552268
4.5301552268
4.5301552268
4.5301552268
4.5301552268
4.5301552268
4.5301552268
4.5301552268
4.53015522679
4.53015522675
4.53015522638
4.53015522339
4.53015520066
4.53015504036
4.53015399413
4.53014770903
4.53011318825
4.5299408467
4.52916499248
4.52604486818
4.51506229432
4.48293982239
4.41267782832
4.30994404703
4.14547017868
4.5301552268
4.5301552268
4.5301552268
4.5301552268
4.5301552268
4.5301552268
4.5301552268
4.5301552268
4.5301552268
4.5301552268
4.5301552268
4.5301552268
4.5301552268
4.5301552268
4.5301552268
4.5301552268
4.5301552268
4.5301552268
4.5301552268
4.5301552268
4.5301552268
4.5301552268
4.5301552268
4.5301552268
4.5301552268
4.5301552268
4.5301552268
4.5301552268
4.5301552268
4.5301552268
4.5301552268
4.5301552268
4.5301552268
4.5301552268
4.5301552268
4.5301552268
4.5301552268
4.5301552268
4.5301552268
4.5301552268
4.5301552268
4.5301552268
4.5301552268
4.53015522679
4.53015522675
4.53015522642
4.53015522369
4.5301552031
4.53015505878
4.53015412398
4.53014856197
4.53011834559
4.52996963978
4.52931206532
4.52672976703
4.51792587807
4.49308804552
4.44045405299
4.36563871223
4.25003299723
4.5301552268
4.5301552268
4.5301552268
4.5301552268
4.5301552268
4.5301552268
4.5301552268
4.5301552268
4.5301552268
4.5301552268
4.5301552268
4.5301552268
4.5301552268
4.5301552268
4.5301552268
4.5301552268
4.5301552268
4.5301552268
4.5301552268
4.5301552268
4.5301552268
4.5301552268
4.5301552268
4.5301552268
4.5301552268
4.5301552268
4.5301552268
4.5301552268
4.5301552268
4.5301552268
4.5301552268
4.5301552268
4.5301552268
4.5301552268
4.5301552268
4.5301552268
4.5301552268
4.5301552268
4.5301552268
4.5301552268
4.5301552268
4.5301552268
4.5301552268
4.53015522679
4.53015522676
4.53015522646
4.53015522403
4.53015520583
4.53015507912
4.53015426513
4.53014946538
4.53012368976
4.52999860754
4.52945569247
4.52737632619
4.52050755709
4.50187781418
4.46394173398
4.41272299918
4.34622303958
4.5301552268
4.5301552268
4.5301552268
4.5301552268
4.5301552268
4.5301552268
4.5301552268
4.5301552268
4.5301552268
4.5301552268
4.5301552268
4.5301552268
4.5301552268
4.5301552268
4.5301552268
4.5301552268
4.5301552268
4.5301552268
4.5301552268
4.5301552268
4.5301552268
4.5301552268
4.5301552268
4.5301552268
4.5301552268
4.5301552268
4.5301552268
4.5301552268
4.5301552268
4.5301552268
4.5301552268
4.5301552268
4.5301552268
4.5301552268
4.5301552268
4.5301552268
4.5301552268
4.5301552268
4.5301552268
4.5301552268
4.5301552268
4.5301552268
4.5301552268
4.5301552268
4.5301552268
4.5301552268
4.5301552268
4.5301552268
4.5301552268
4.5301552268
4.5301552268
4.5301552268
4.5301552268
4.5301552268
4.5301552268
4.5301552268
4.5301552268
4.5301552268
4.5301552268
4.5301552268
4.5301552268
4.5301552268
4.5301552268
4.5301552268
4.5301552268
4.5301552268
4.5301552268
4.5301552268
4.5301552268
4.5301552268
4.5301552268
4.5301552268
4.5301552268
4.5301552268
4.5301552268
4.5301552268
4.5301552268
4.5301552268
4.5301552268
4.5301552268
4.5301552268
4.5301552268
4.5301552268
4.5301552268
4.5301552268
4.5301552268
4.5301552268
4.5301552268
4.5301552268
4.5301552268
4.5301552268
4.5301552268
4.5301552268
4.5301552268
4.5301552268
4.5301552268
4.5301552268
4.5301552268
4.5301552268
4.5301552268
4.5301552268
4.5301552268
4.5301552268
4.5301552268
4.5301552268
4.5301552268
4.5301552268
4.5301552268
4.5301552268
4.5301552268
4.5301552268
4.5301552268
4.5301552268
4.5301552268
4.5301552268
4.5301552268
4.5301552268
4.5301552268
4.5301552268
4.5301552268
4.5301552268
4.5301552268
4.5301552268
4.5301552268
4.5301552268
4.5301552268
4.5301552268
4.5301552268
4.5301552268
4.5301552268
4.5301552268
4.5301552268
4.5301552268
4.5301552268
4.5301552268
4.5301552268
4.5301552268
4.5301552268
4.5301552268
4.5301552268
4.5301552268
4.5301552268
4.5301552268
4.5301552268
4.5301552268
4.5301552268
4.5301552268
4.5301552268
4.5301552268
4.5301552268
4.5301552268
4.5301552268
4.5301552268
4.5301552268
4.5301552268
4.5301552268
4.5301552268
4.5301552268
4.5301552268
4.5301552268
4.5301552268
4.5301552268
4.5301552268
4.5301552268
4.5301552268
4.5301552268
4.5301552268
4.5301552268
4.5301552268
4.5301552268
4.5301552268
4.5301552268
4.5301552268
4.5301552268
4.5301552268
4.5301552268
4.5301552268
4.5301552268
4.5301552268
4.5301552268
4.5301552268
4.5301552268
4.5301552268
4.5301552268
4.5301552268
4.5301552268
4.5301552268
4.5301552268
4.5301552268
4.5301552268
4.5301552268
4.5301552268
4.5301552268
4.5301552268
4.5301552268
4.5301552268
4.5301552268
4.5301552268
4.5301552268
4.5301552268
4.5301552268
4.5301552268
4.5301552268
4.5301552268
4.5301552268
4.5301552268
4.5301552268
4.5301552268
4.5301552268
4.5301552268
4.5301552268
4.5301552268
4.5301552268
4.5301552268
4.5301552268
4.5301552268
4.5301552268
4.5301552268
4.5301552268
4.5301552268
4.5301552268
4.5301552268
4.5301552268
4.5301552268
4.5301552268
4.5301552268
4.5301552268
4.5301552268
4.5301552268
4.5301552268
4.5301552268
4.5301552268
4.5301552268
4.5301552268
4.5301552268
4.5301552268
4.5301552268
4.5301552268
4.5301552268
4.5301552268
4.5301552268
4.5301552268
4.5301552268
4.5301552268
4.5301552268
4.5301552268
4.5301552268
4.5301552268
4.5301552268
4.5301552268
4.5301552268
4.5301552268
4.5301552268
4.5301552268
4.5301552268
4.5301552268
4.5301552268
4.5301552268
4.5301552268
4.5301552268
4.5301552268
4.5301552268
4.5301552268
4.5301552268
4.5301552268
4.5301552268
4.5301552268
4.5301552268
4.5301552268
4.5301552268
4.5301552268
4.5301552268
4.5301552268
4.5301552268
4.5301552268
4.5301552268
4.5301552268
4.5301552268
4.5301552268
4.5301552268
4.5301552268
4.5301552268
4.5301552268
4.5301552268
4.5301552268
4.5301552268
4.5301552268
4.5301552268
4.5301552268
4.5301552268
4.5301552268
4.5301552268
4.5301552268
4.5301552268
4.5301552268
4.5301552268
4.5301552268
4.5301552268
4.5301552268
4.5301552268
4.5301552268
4.5301552268
4.5301552268
4.5301552268
4.5301552268
4.5301552268
4.5301552268
4.5301552268
4.5301552268
4.5301552268
4.5301552268
4.5301552268
4.5301552268
4.5301552268
4.5301552268
4.5301552268
4.5301552268
4.5301552268
4.5301552268
4.5301552268
4.5301552268
4.5301552268
4.5301552268
4.5301552268
4.5301552268
4.5301552268
4.5301552268
4.5301552268
4.5301552268
4.5301552268
4.5301552268
4.5301552268
4.5301552268
4.5301552268
4.5301552268
4.5301552268
4.5301552268
4.5301552268
4.5301552268
4.5301552268
4.5301552268
4.5301552268
4.5301552268
4.5301552268
4.5301552268
4.5301552268
4.5301552268
4.5301552268
4.5301552268
4.5301552268
4.5301552268
4.5301552268
4.5301552268
4.5301552268
4.5301552268
4.5301552268
4.5301552268
4.5301552268
4.5301552268
4.5301552268
4.5301552268
4.5301552268
4.5301552268
4.5301552268
4.5301552268
4.5301552268
4.5301552268
4.5301552268
4.5301552268
4.5301552268
4.5301552268
4.5301552268
4.5301552268
4.5301552268
4.5301552268
4.5301552268
4.5301552268
4.5301552268
4.5301552268
4.5301552268
4.5301552268
4.5301552268
4.5301552268
4.5301552268
4.5301552268
4.5301552268
4.5301552268
4.5301552268
4.5301552268
4.5301552268
4.5301552268
4.5301552268
4.5301552268
4.5301552268
4.5301552268
4.5301552268
4.5301552268
4.5301552268
4.5301552268
4.5301552268
4.5301552268
4.5301552268
4.5301552268
4.5301552268
4.5301552268
4.5301552268
4.5301552268
4.5301552268
4.5301552268
4.5301552268
4.5301552268
4.5301552268
4.5301552268
4.5301552268
4.5301552268
4.5301552268
4.5301552268
4.5301552268
4.5301552268
4.5301552268
4.5301552268
4.5301552268
4.5301552268
4.5301552268
4.5301552268
4.5301552268
4.5301552268
4.5301552268
4.5301552268
4.5301552268
4.5301552268
4.5301552268
4.5301552268
4.5301552268
4.5301552268
4.5301552268
4.5301552268
4.5301552268
4.5301552268
4.5301552268
4.5301552268
4.5301552268
4.5301552268
4.5301552268
4.5301552268
4.5301552268
4.5301552268
4.5301552268
4.5301552268
4.5301552268
4.5301552268
4.5301552268
4.5301552268
4.5301552268
4.5301552268
4.5301552268
4.5301552268
4.5301552268
4.5301552268
4.5301552268
4.5301552268
4.5301552268
4.5301552268
4.5301552268
4.5301552268
4.5301552268
4.5301552268
4.5301552268
4.5301552268
4.5301552268
4.5301552268
4.5301552268
4.5301552268
4.5301552268
4.5301552268
4.5301552268
4.5301552268
4.5301552268
4.5301552268
4.5301552268
4.5301552268
4.5301552268
4.5301552268
4.5301552268
4.5301552268
4.5301552268
4.5301552268
4.5301552268
4.5301552268
4.5301552268
4.5301552268
4.5301552268
4.5301552268
4.5301552268
4.5301552268
4.5301552268
4.5301552268
4.5301552268
4.5301552268
4.5301552268
4.5301552268
4.5301552268
4.5301552268
4.5301552268
4.5301552268
4.5301552268
4.5301552268
4.5301552268
4.5301552268
4.5301552268
4.5301552268
4.5301552268
4.5301552268
4.5301552268
4.5301552268
4.5301552268
4.5301552268
4.5301552268
4.5301552268
4.5301552268
4.5301552268
4.5301552268
4.5301552268
4.5301552268
4.5301552268
4.5301552268
4.5301552268
4.5301552268
4.5301552268
4.5301552268
4.5301552268
4.5301552268
4.5301552268
4.5301552268
4.5301552268
4.5301552268
4.5301552268
4.5301552268
4.5301552268
4.5301552268
4.5301552268
4.5301552268
4.5301552268
4.5301552268
4.5301552268
4.5301552268
4.5301552268
4.5301552268
4.5301552268
4.5301552268
4.5301552268
4.5301552268
4.5301552268
4.5301552268
4.5301552268
4.5301552268
4.5301552268
4.5301552268
4.5301552268
4.5301552268
4.5301552268
4.5301552268
4.5301552268
4.5301552268
4.5301552268
4.5301552268
4.5301552268
4.5301552268
4.5301552268
4.5301552268
4.5301552268
4.5301552268
4.5301552268
4.5301552268
4.5301552268
4.5301552268
4.5301552268
4.5301552268
4.5301552268
4.5301552268
4.5301552268
4.5301552268
4.5301552268
4.5301552268
4.5301552268
4.5301552268
4.5301552268
4.5301552268
4.5301552268
4.5301552268
4.5301552268
4.5301552268
4.5301552268
4.5301552268
4.5301552268
4.5301552268
4.5301552268
4.5301552268
4.5301552268
4.5301552268
)
;

boundaryField
{
    bottom
    {
        type            empty;
    }
    inlet
    {
        type            fixedValue;
        value           uniform 4.5301552268;
    }
    outlet
    {
        type            zeroGradient;
    }
    obstacle
    {
        type            fixedValue;
        value           uniform 0;
    }
    wedgefront
    {
        type            wedge;
    }
    wedgeback
    {
        type            wedge;
    }
}


// ************************************************************************* //
