/*--------------------------------*- C++ -*----------------------------------*\
| =========                 |                                                 |
| \\      /  F ield         | foam-extend: Open Source CFD                    |
|  \\    /   O peration     | Version:     4.1                                |
|   \\  /    A nd           | Web:         http://www.foam-extend.org         |
|    \\/     M anipulation  |                                                 |
\*---------------------------------------------------------------------------*/
FoamFile
{
    version     2.0;
    format      ascii;
    class       volScalarField;
    location    "5e-05";
    object      mu;
}
// * * * * * * * * * * * * * * * * * * * * * * * * * * * * * * * * * * * * * //

dimensions      [1 -1 -1 0 0 0 0];

internalField   nonuniform List<scalar> 
4200
(
1.8491995123e-05
1.8491995123e-05
1.8491995123e-05
1.8491995123e-05
1.8491995123e-05
1.8491995123e-05
1.8491995123e-05
1.8491995123e-05
1.8491995123e-05
1.8491995123e-05
1.8491995123e-05
1.8491995123e-05
1.8491995123e-05
1.8491995123e-05
1.8491995123e-05
1.8491995123e-05
1.8491995123e-05
1.8491995123e-05
1.8491995123e-05
1.8491995123e-05
1.8491995123e-05
1.8491995123e-05
1.8491995123e-05
1.8491995123e-05
1.8491995123e-05
1.8491995123e-05
1.8491995123e-05
1.8491995123e-05
1.8491995123e-05
1.8491995123e-05
1.8491995123e-05
1.8491995123e-05
1.8491995123e-05
1.8491995123e-05
1.8491995123e-05
1.8491995123e-05
1.8491995123e-05
1.8491995123e-05
1.8491995123e-05
1.8491995123e-05
1.8491995123e-05
1.8491995123e-05
1.8491995123e-05
1.8491995123e-05
1.8491995123e-05
1.84919951231e-05
1.84919951239e-05
1.84919951318e-05
1.84919952061e-05
1.8491995886e-05
1.84920019607e-05
1.84920554913e-05
1.8492528933e-05
1.84968665645e-05
1.8539770303e-05
1.89919614951e-05
2.26305958776e-05
3.38845793047e-05
4.65551466056e-05
5.92608607427e-05
1.8491995123e-05
1.8491995123e-05
1.8491995123e-05
1.8491995123e-05
1.8491995123e-05
1.8491995123e-05
1.8491995123e-05
1.8491995123e-05
1.8491995123e-05
1.8491995123e-05
1.8491995123e-05
1.8491995123e-05
1.8491995123e-05
1.8491995123e-05
1.8491995123e-05
1.8491995123e-05
1.8491995123e-05
1.8491995123e-05
1.8491995123e-05
1.8491995123e-05
1.8491995123e-05
1.8491995123e-05
1.8491995123e-05
1.8491995123e-05
1.8491995123e-05
1.8491995123e-05
1.8491995123e-05
1.8491995123e-05
1.8491995123e-05
1.8491995123e-05
1.8491995123e-05
1.8491995123e-05
1.8491995123e-05
1.8491995123e-05
1.8491995123e-05
1.8491995123e-05
1.8491995123e-05
1.8491995123e-05
1.8491995123e-05
1.8491995123e-05
1.8491995123e-05
1.8491995123e-05
1.8491995123e-05
1.8491995123e-05
1.8491995123e-05
1.84919951231e-05
1.84919951239e-05
1.84919951318e-05
1.84919952063e-05
1.84919958877e-05
1.84920019744e-05
1.84920555978e-05
1.84925297877e-05
1.84968720218e-05
1.85398175895e-05
1.89924033788e-05
2.26332926015e-05
3.38880600429e-05
4.65548557977e-05
5.92568382331e-05
1.8491995123e-05
1.8491995123e-05
1.8491995123e-05
1.8491995123e-05
1.8491995123e-05
1.8491995123e-05
1.8491995123e-05
1.8491995123e-05
1.8491995123e-05
1.8491995123e-05
1.8491995123e-05
1.8491995123e-05
1.8491995123e-05
1.8491995123e-05
1.8491995123e-05
1.8491995123e-05
1.8491995123e-05
1.8491995123e-05
1.8491995123e-05
1.8491995123e-05
1.8491995123e-05
1.8491995123e-05
1.8491995123e-05
1.8491995123e-05
1.8491995123e-05
1.8491995123e-05
1.8491995123e-05
1.8491995123e-05
1.8491995123e-05
1.8491995123e-05
1.8491995123e-05
1.8491995123e-05
1.8491995123e-05
1.8491995123e-05
1.8491995123e-05
1.8491995123e-05
1.8491995123e-05
1.8491995123e-05
1.8491995123e-05
1.8491995123e-05
1.8491995123e-05
1.8491995123e-05
1.8491995123e-05
1.8491995123e-05
1.8491995123e-05
1.84919951231e-05
1.84919951239e-05
1.84919951319e-05
1.84919952067e-05
1.84919958904e-05
1.84920019936e-05
1.84920557048e-05
1.84925301553e-05
1.84968701155e-05
1.85397333783e-05
1.89907943559e-05
2.2617856816e-05
3.38426487656e-05
4.64915479088e-05
5.91814170997e-05
1.8491995123e-05
1.8491995123e-05
1.8491995123e-05
1.8491995123e-05
1.8491995123e-05
1.8491995123e-05
1.8491995123e-05
1.8491995123e-05
1.8491995123e-05
1.8491995123e-05
1.8491995123e-05
1.8491995123e-05
1.8491995123e-05
1.8491995123e-05
1.8491995123e-05
1.8491995123e-05
1.8491995123e-05
1.8491995123e-05
1.8491995123e-05
1.8491995123e-05
1.8491995123e-05
1.8491995123e-05
1.8491995123e-05
1.8491995123e-05
1.8491995123e-05
1.8491995123e-05
1.8491995123e-05
1.8491995123e-05
1.8491995123e-05
1.8491995123e-05
1.8491995123e-05
1.8491995123e-05
1.8491995123e-05
1.8491995123e-05
1.8491995123e-05
1.8491995123e-05
1.8491995123e-05
1.8491995123e-05
1.8491995123e-05
1.8491995123e-05
1.8491995123e-05
1.8491995123e-05
1.8491995123e-05
1.8491995123e-05
1.8491995123e-05
1.84919951231e-05
1.8491995124e-05
1.84919951319e-05
1.84919952072e-05
1.84919958944e-05
1.84920020205e-05
1.84920558573e-05
1.84925307609e-05
1.84968672147e-05
1.85396017777e-05
1.89883327642e-05
2.25940281562e-05
3.37719829477e-05
4.63940906573e-05
5.90651391609e-05
1.8491995123e-05
1.8491995123e-05
1.8491995123e-05
1.8491995123e-05
1.8491995123e-05
1.8491995123e-05
1.8491995123e-05
1.8491995123e-05
1.8491995123e-05
1.8491995123e-05
1.8491995123e-05
1.8491995123e-05
1.8491995123e-05
1.8491995123e-05
1.8491995123e-05
1.8491995123e-05
1.8491995123e-05
1.8491995123e-05
1.8491995123e-05
1.8491995123e-05
1.8491995123e-05
1.8491995123e-05
1.8491995123e-05
1.8491995123e-05
1.8491995123e-05
1.8491995123e-05
1.8491995123e-05
1.8491995123e-05
1.8491995123e-05
1.8491995123e-05
1.8491995123e-05
1.8491995123e-05
1.8491995123e-05
1.8491995123e-05
1.8491995123e-05
1.8491995123e-05
1.8491995123e-05
1.8491995123e-05
1.8491995123e-05
1.8491995123e-05
1.8491995123e-05
1.8491995123e-05
1.8491995123e-05
1.8491995123e-05
1.84919951231e-05
1.84919951231e-05
1.8491995124e-05
1.8491995132e-05
1.84919952079e-05
1.84919958997e-05
1.84920020596e-05
1.84920561017e-05
1.84925318043e-05
1.84968640069e-05
1.85394353032e-05
1.89851106502e-05
2.256246028e-05
3.3678758239e-05
4.62646930296e-05
5.8910761173e-05
1.8491995123e-05
1.8491995123e-05
1.8491995123e-05
1.8491995123e-05
1.8491995123e-05
1.8491995123e-05
1.8491995123e-05
1.8491995123e-05
1.8491995123e-05
1.8491995123e-05
1.8491995123e-05
1.8491995123e-05
1.8491995123e-05
1.8491995123e-05
1.8491995123e-05
1.8491995123e-05
1.8491995123e-05
1.8491995123e-05
1.8491995123e-05
1.8491995123e-05
1.8491995123e-05
1.8491995123e-05
1.8491995123e-05
1.8491995123e-05
1.8491995123e-05
1.8491995123e-05
1.8491995123e-05
1.8491995123e-05
1.8491995123e-05
1.8491995123e-05
1.8491995123e-05
1.8491995123e-05
1.8491995123e-05
1.8491995123e-05
1.8491995123e-05
1.8491995123e-05
1.8491995123e-05
1.8491995123e-05
1.8491995123e-05
1.8491995123e-05
1.8491995123e-05
1.8491995123e-05
1.8491995123e-05
1.8491995123e-05
1.84919951231e-05
1.84919951231e-05
1.8491995124e-05
1.84919951321e-05
1.84919952088e-05
1.84919959067e-05
1.84920021072e-05
1.84920563883e-05
1.84925329867e-05
1.84968596788e-05
1.85392267379e-05
1.89811638106e-05
2.25239049652e-05
3.35635017129e-05
4.61040873251e-05
5.87187270732e-05
1.8491995123e-05
1.8491995123e-05
1.8491995123e-05
1.8491995123e-05
1.8491995123e-05
1.8491995123e-05
1.8491995123e-05
1.8491995123e-05
1.8491995123e-05
1.8491995123e-05
1.8491995123e-05
1.8491995123e-05
1.8491995123e-05
1.8491995123e-05
1.8491995123e-05
1.8491995123e-05
1.8491995123e-05
1.8491995123e-05
1.8491995123e-05
1.8491995123e-05
1.8491995123e-05
1.8491995123e-05
1.8491995123e-05
1.8491995123e-05
1.8491995123e-05
1.8491995123e-05
1.8491995123e-05
1.8491995123e-05
1.8491995123e-05
1.8491995123e-05
1.8491995123e-05
1.8491995123e-05
1.8491995123e-05
1.8491995123e-05
1.8491995123e-05
1.8491995123e-05
1.8491995123e-05
1.8491995123e-05
1.8491995123e-05
1.8491995123e-05
1.8491995123e-05
1.8491995123e-05
1.8491995123e-05
1.8491995123e-05
1.84919951231e-05
1.84919951231e-05
1.8491995124e-05
1.84919951323e-05
1.84919952099e-05
1.8491995915e-05
1.84920021651e-05
1.84920567529e-05
1.84925344577e-05
1.84968556932e-05
1.85389863965e-05
1.89765220006e-05
2.24783003541e-05
3.34267051863e-05
4.5912358007e-05
5.84894588514e-05
1.8491995123e-05
1.8491995123e-05
1.8491995123e-05
1.8491995123e-05
1.8491995123e-05
1.8491995123e-05
1.8491995123e-05
1.8491995123e-05
1.8491995123e-05
1.8491995123e-05
1.8491995123e-05
1.8491995123e-05
1.8491995123e-05
1.8491995123e-05
1.8491995123e-05
1.8491995123e-05
1.8491995123e-05
1.8491995123e-05
1.8491995123e-05
1.8491995123e-05
1.8491995123e-05
1.8491995123e-05
1.8491995123e-05
1.8491995123e-05
1.8491995123e-05
1.8491995123e-05
1.8491995123e-05
1.8491995123e-05
1.8491995123e-05
1.8491995123e-05
1.8491995123e-05
1.8491995123e-05
1.8491995123e-05
1.8491995123e-05
1.8491995123e-05
1.8491995123e-05
1.8491995123e-05
1.8491995123e-05
1.8491995123e-05
1.8491995123e-05
1.8491995123e-05
1.8491995123e-05
1.8491995123e-05
1.8491995123e-05
1.84919951231e-05
1.84919951231e-05
1.8491995124e-05
1.84919951324e-05
1.84919952111e-05
1.84919959247e-05
1.84920022338e-05
1.84920571679e-05
1.84925361999e-05
1.84968515963e-05
1.85387106713e-05
1.89711889231e-05
2.24258958657e-05
3.32684213559e-05
4.56906643931e-05
5.82235398532e-05
1.8491995123e-05
1.8491995123e-05
1.8491995123e-05
1.8491995123e-05
1.8491995123e-05
1.8491995123e-05
1.8491995123e-05
1.8491995123e-05
1.8491995123e-05
1.8491995123e-05
1.8491995123e-05
1.8491995123e-05
1.8491995123e-05
1.8491995123e-05
1.8491995123e-05
1.8491995123e-05
1.8491995123e-05
1.8491995123e-05
1.8491995123e-05
1.8491995123e-05
1.8491995123e-05
1.8491995123e-05
1.8491995123e-05
1.8491995123e-05
1.8491995123e-05
1.8491995123e-05
1.8491995123e-05
1.8491995123e-05
1.8491995123e-05
1.8491995123e-05
1.8491995123e-05
1.8491995123e-05
1.8491995123e-05
1.8491995123e-05
1.8491995123e-05
1.8491995123e-05
1.8491995123e-05
1.8491995123e-05
1.8491995123e-05
1.8491995123e-05
1.8491995123e-05
1.8491995123e-05
1.8491995123e-05
1.8491995123e-05
1.84919951231e-05
1.84919951231e-05
1.8491995124e-05
1.84919951326e-05
1.84919952126e-05
1.84919959363e-05
1.84920023154e-05
1.84920576531e-05
1.84925383084e-05
1.8496846774e-05
1.85384076944e-05
1.89652712521e-05
2.23673436321e-05
3.30901092767e-05
4.54388221587e-05
5.79211135852e-05
1.8491995123e-05
1.8491995123e-05
1.8491995123e-05
1.8491995123e-05
1.8491995123e-05
1.8491995123e-05
1.8491995123e-05
1.8491995123e-05
1.8491995123e-05
1.8491995123e-05
1.8491995123e-05
1.8491995123e-05
1.8491995123e-05
1.8491995123e-05
1.8491995123e-05
1.8491995123e-05
1.8491995123e-05
1.8491995123e-05
1.8491995123e-05
1.8491995123e-05
1.8491995123e-05
1.8491995123e-05
1.8491995123e-05
1.8491995123e-05
1.8491995123e-05
1.8491995123e-05
1.8491995123e-05
1.8491995123e-05
1.8491995123e-05
1.8491995123e-05
1.8491995123e-05
1.8491995123e-05
1.8491995123e-05
1.8491995123e-05
1.8491995123e-05
1.8491995123e-05
1.8491995123e-05
1.8491995123e-05
1.8491995123e-05
1.8491995123e-05
1.8491995123e-05
1.8491995123e-05
1.8491995123e-05
1.8491995123e-05
1.84919951231e-05
1.84919951231e-05
1.84919951241e-05
1.84919951328e-05
1.84919952143e-05
1.84919959492e-05
1.84920024063e-05
1.84920582058e-05
1.84925406833e-05
1.84968429281e-05
1.85380725504e-05
1.89587770399e-05
2.23026948363e-05
3.28917637722e-05
4.51578349795e-05
5.75831795128e-05
1.8491995123e-05
1.8491995123e-05
1.8491995123e-05
1.8491995123e-05
1.8491995123e-05
1.8491995123e-05
1.8491995123e-05
1.8491995123e-05
1.8491995123e-05
1.8491995123e-05
1.8491995123e-05
1.8491995123e-05
1.8491995123e-05
1.8491995123e-05
1.8491995123e-05
1.8491995123e-05
1.8491995123e-05
1.8491995123e-05
1.8491995123e-05
1.8491995123e-05
1.8491995123e-05
1.8491995123e-05
1.8491995123e-05
1.8491995123e-05
1.8491995123e-05
1.8491995123e-05
1.8491995123e-05
1.8491995123e-05
1.8491995123e-05
1.8491995123e-05
1.8491995123e-05
1.8491995123e-05
1.8491995123e-05
1.8491995123e-05
1.8491995123e-05
1.8491995123e-05
1.8491995123e-05
1.8491995123e-05
1.8491995123e-05
1.8491995123e-05
1.8491995123e-05
1.8491995123e-05
1.8491995123e-05
1.8491995123e-05
1.84919951231e-05
1.84919951231e-05
1.84919951241e-05
1.8491995133e-05
1.84919952162e-05
1.84919959641e-05
1.84920025106e-05
1.84920588406e-05
1.84925434417e-05
1.84968387597e-05
1.85377191255e-05
1.89517540728e-05
2.22326080949e-05
3.26744517551e-05
4.4848308263e-05
5.72100656491e-05
1.8491995123e-05
1.8491995123e-05
1.8491995123e-05
1.8491995123e-05
1.8491995123e-05
1.8491995123e-05
1.8491995123e-05
1.8491995123e-05
1.8491995123e-05
1.8491995123e-05
1.8491995123e-05
1.8491995123e-05
1.8491995123e-05
1.8491995123e-05
1.8491995123e-05
1.8491995123e-05
1.8491995123e-05
1.8491995123e-05
1.8491995123e-05
1.8491995123e-05
1.8491995123e-05
1.8491995123e-05
1.8491995123e-05
1.8491995123e-05
1.8491995123e-05
1.8491995123e-05
1.8491995123e-05
1.8491995123e-05
1.8491995123e-05
1.8491995123e-05
1.8491995123e-05
1.8491995123e-05
1.8491995123e-05
1.8491995123e-05
1.8491995123e-05
1.8491995123e-05
1.8491995123e-05
1.8491995123e-05
1.8491995123e-05
1.8491995123e-05
1.8491995123e-05
1.8491995123e-05
1.8491995123e-05
1.8491995123e-05
1.84919951231e-05
1.84919951232e-05
1.84919951241e-05
1.84919951333e-05
1.84919952184e-05
1.84919959808e-05
1.84920026284e-05
1.84920595638e-05
1.84925465559e-05
1.84968353642e-05
1.85373368699e-05
1.89442476489e-05
2.21574184281e-05
3.24392328769e-05
4.45112190775e-05
5.68030845479e-05
1.8491995123e-05
1.8491995123e-05
1.8491995123e-05
1.8491995123e-05
1.8491995123e-05
1.8491995123e-05
1.8491995123e-05
1.8491995123e-05
1.8491995123e-05
1.8491995123e-05
1.8491995123e-05
1.8491995123e-05
1.8491995123e-05
1.8491995123e-05
1.8491995123e-05
1.8491995123e-05
1.8491995123e-05
1.8491995123e-05
1.8491995123e-05
1.8491995123e-05
1.8491995123e-05
1.8491995123e-05
1.8491995123e-05
1.8491995123e-05
1.8491995123e-05
1.8491995123e-05
1.8491995123e-05
1.8491995123e-05
1.8491995123e-05
1.8491995123e-05
1.8491995123e-05
1.8491995123e-05
1.8491995123e-05
1.8491995123e-05
1.8491995123e-05
1.8491995123e-05
1.8491995123e-05
1.8491995123e-05
1.8491995123e-05
1.8491995123e-05
1.8491995123e-05
1.8491995123e-05
1.8491995123e-05
1.8491995123e-05
1.84919951231e-05
1.84919951232e-05
1.84919951241e-05
1.84919951336e-05
1.84919952208e-05
1.84919959995e-05
1.84920027583e-05
1.8492060356e-05
1.84925501704e-05
1.84968336668e-05
1.85369415375e-05
1.8936309658e-05
2.20776649245e-05
3.21866585723e-05
4.41472575219e-05
5.63620070203e-05
1.8491995123e-05
1.8491995123e-05
1.8491995123e-05
1.8491995123e-05
1.8491995123e-05
1.8491995123e-05
1.8491995123e-05
1.8491995123e-05
1.8491995123e-05
1.8491995123e-05
1.8491995123e-05
1.8491995123e-05
1.8491995123e-05
1.8491995123e-05
1.8491995123e-05
1.8491995123e-05
1.8491995123e-05
1.8491995123e-05
1.8491995123e-05
1.8491995123e-05
1.8491995123e-05
1.8491995123e-05
1.8491995123e-05
1.8491995123e-05
1.8491995123e-05
1.8491995123e-05
1.8491995123e-05
1.8491995123e-05
1.8491995123e-05
1.8491995123e-05
1.8491995123e-05
1.8491995123e-05
1.8491995123e-05
1.8491995123e-05
1.8491995123e-05
1.8491995123e-05
1.8491995123e-05
1.8491995123e-05
1.8491995123e-05
1.8491995123e-05
1.8491995123e-05
1.8491995123e-05
1.8491995123e-05
1.8491995123e-05
1.84919951231e-05
1.84919951232e-05
1.84919951242e-05
1.84919951339e-05
1.84919952235e-05
1.849199602e-05
1.84920029036e-05
1.84920612339e-05
1.84925541773e-05
1.84968316383e-05
1.85365192929e-05
1.89279857677e-05
2.19936171624e-05
3.19178305722e-05
4.37570014472e-05
5.58882508868e-05
1.8491995123e-05
1.8491995123e-05
1.8491995123e-05
1.8491995123e-05
1.8491995123e-05
1.8491995123e-05
1.8491995123e-05
1.8491995123e-05
1.8491995123e-05
1.8491995123e-05
1.8491995123e-05
1.8491995123e-05
1.8491995123e-05
1.8491995123e-05
1.8491995123e-05
1.8491995123e-05
1.8491995123e-05
1.8491995123e-05
1.8491995123e-05
1.8491995123e-05
1.8491995123e-05
1.8491995123e-05
1.8491995123e-05
1.8491995123e-05
1.8491995123e-05
1.8491995123e-05
1.8491995123e-05
1.8491995123e-05
1.8491995123e-05
1.8491995123e-05
1.8491995123e-05
1.8491995123e-05
1.8491995123e-05
1.8491995123e-05
1.8491995123e-05
1.8491995123e-05
1.8491995123e-05
1.8491995123e-05
1.8491995123e-05
1.8491995123e-05
1.8491995123e-05
1.8491995123e-05
1.8491995123e-05
1.8491995123e-05
1.84919951231e-05
1.84919951232e-05
1.84919951242e-05
1.84919951343e-05
1.84919952265e-05
1.8491996043e-05
1.84920030632e-05
1.84920622148e-05
1.84925585703e-05
1.84968311255e-05
1.85360902042e-05
1.89193540298e-05
2.19058479246e-05
3.16338213326e-05
4.33416197901e-05
5.53827440806e-05
1.8491995123e-05
1.8491995123e-05
1.8491995123e-05
1.8491995123e-05
1.8491995123e-05
1.8491995123e-05
1.8491995123e-05
1.8491995123e-05
1.8491995123e-05
1.8491995123e-05
1.8491995123e-05
1.8491995123e-05
1.8491995123e-05
1.8491995123e-05
1.8491995123e-05
1.8491995123e-05
1.8491995123e-05
1.8491995123e-05
1.8491995123e-05
1.8491995123e-05
1.8491995123e-05
1.8491995123e-05
1.8491995123e-05
1.8491995123e-05
1.8491995123e-05
1.8491995123e-05
1.8491995123e-05
1.8491995123e-05
1.8491995123e-05
1.8491995123e-05
1.8491995123e-05
1.8491995123e-05
1.8491995123e-05
1.8491995123e-05
1.8491995123e-05
1.8491995123e-05
1.8491995123e-05
1.8491995123e-05
1.8491995123e-05
1.8491995123e-05
1.8491995123e-05
1.8491995123e-05
1.8491995123e-05
1.8491995123e-05
1.84919951231e-05
1.84919951232e-05
1.84919951243e-05
1.84919951347e-05
1.84919952299e-05
1.84919960686e-05
1.84920032413e-05
1.84920632988e-05
1.84925636613e-05
1.84968327464e-05
1.85356561533e-05
1.89104362772e-05
2.1814946796e-05
3.1336009967e-05
4.29022819476e-05
5.48465070317e-05
1.8491995123e-05
1.8491995123e-05
1.8491995123e-05
1.8491995123e-05
1.8491995123e-05
1.8491995123e-05
1.8491995123e-05
1.8491995123e-05
1.8491995123e-05
1.8491995123e-05
1.8491995123e-05
1.8491995123e-05
1.8491995123e-05
1.8491995123e-05
1.8491995123e-05
1.8491995123e-05
1.8491995123e-05
1.8491995123e-05
1.8491995123e-05
1.8491995123e-05
1.8491995123e-05
1.8491995123e-05
1.8491995123e-05
1.8491995123e-05
1.8491995123e-05
1.8491995123e-05
1.8491995123e-05
1.8491995123e-05
1.8491995123e-05
1.8491995123e-05
1.8491995123e-05
1.8491995123e-05
1.8491995123e-05
1.8491995123e-05
1.8491995123e-05
1.8491995123e-05
1.8491995123e-05
1.8491995123e-05
1.8491995123e-05
1.8491995123e-05
1.8491995123e-05
1.8491995123e-05
1.8491995123e-05
1.8491995123e-05
1.84919951231e-05
1.84919951232e-05
1.84919951243e-05
1.84919951352e-05
1.84919952336e-05
1.84919960964e-05
1.84920034363e-05
1.84920644886e-05
1.84925692563e-05
1.84968365917e-05
1.85352126131e-05
1.89013810624e-05
2.17217718255e-05
3.10261172553e-05
4.24410586692e-05
5.42810033041e-05
1.8491995123e-05
1.8491995123e-05
1.8491995123e-05
1.8491995123e-05
1.8491995123e-05
1.8491995123e-05
1.8491995123e-05
1.8491995123e-05
1.8491995123e-05
1.8491995123e-05
1.8491995123e-05
1.8491995123e-05
1.8491995123e-05
1.8491995123e-05
1.8491995123e-05
1.8491995123e-05
1.8491995123e-05
1.8491995123e-05
1.8491995123e-05
1.8491995123e-05
1.8491995123e-05
1.8491995123e-05
1.8491995123e-05
1.8491995123e-05
1.8491995123e-05
1.8491995123e-05
1.8491995123e-05
1.8491995123e-05
1.8491995123e-05
1.8491995123e-05
1.8491995123e-05
1.8491995123e-05
1.8491995123e-05
1.8491995123e-05
1.8491995123e-05
1.8491995123e-05
1.8491995123e-05
1.8491995123e-05
1.8491995123e-05
1.8491995123e-05
1.8491995123e-05
1.8491995123e-05
1.8491995123e-05
1.8491995123e-05
1.84919951231e-05
1.84919951232e-05
1.84919951244e-05
1.84919951357e-05
1.84919952376e-05
1.84919961273e-05
1.84920036488e-05
1.84920657991e-05
1.84925754412e-05
1.84968421559e-05
1.85347691259e-05
1.88921335105e-05
2.16263285701e-05
3.07040485679e-05
4.19577498574e-05
5.36865391236e-05
1.8491995123e-05
1.8491995123e-05
1.8491995123e-05
1.8491995123e-05
1.8491995123e-05
1.8491995123e-05
1.8491995123e-05
1.8491995123e-05
1.8491995123e-05
1.8491995123e-05
1.8491995123e-05
1.8491995123e-05
1.8491995123e-05
1.8491995123e-05
1.8491995123e-05
1.8491995123e-05
1.8491995123e-05
1.8491995123e-05
1.8491995123e-05
1.8491995123e-05
1.8491995123e-05
1.8491995123e-05
1.8491995123e-05
1.8491995123e-05
1.8491995123e-05
1.8491995123e-05
1.8491995123e-05
1.8491995123e-05
1.8491995123e-05
1.8491995123e-05
1.8491995123e-05
1.8491995123e-05
1.8491995123e-05
1.8491995123e-05
1.8491995123e-05
1.8491995123e-05
1.8491995123e-05
1.8491995123e-05
1.8491995123e-05
1.8491995123e-05
1.8491995123e-05
1.8491995123e-05
1.8491995123e-05
1.8491995123e-05
1.84919951231e-05
1.84919951232e-05
1.84919951244e-05
1.84919951362e-05
1.84919952421e-05
1.84919961611e-05
1.84920038837e-05
1.84920672135e-05
1.84925822558e-05
1.84968497928e-05
1.85343269454e-05
1.88827782814e-05
2.15291882331e-05
3.03717856839e-05
4.14541451035e-05
5.3065071401e-05
1.8491995123e-05
1.8491995123e-05
1.8491995123e-05
1.8491995123e-05
1.8491995123e-05
1.8491995123e-05
1.8491995123e-05
1.8491995123e-05
1.8491995123e-05
1.8491995123e-05
1.8491995123e-05
1.8491995123e-05
1.8491995123e-05
1.8491995123e-05
1.8491995123e-05
1.8491995123e-05
1.8491995123e-05
1.8491995123e-05
1.8491995123e-05
1.8491995123e-05
1.8491995123e-05
1.8491995123e-05
1.8491995123e-05
1.8491995123e-05
1.8491995123e-05
1.8491995123e-05
1.8491995123e-05
1.8491995123e-05
1.8491995123e-05
1.8491995123e-05
1.8491995123e-05
1.8491995123e-05
1.8491995123e-05
1.8491995123e-05
1.8491995123e-05
1.8491995123e-05
1.8491995123e-05
1.8491995123e-05
1.8491995123e-05
1.8491995123e-05
1.8491995123e-05
1.8491995123e-05
1.8491995123e-05
1.8491995123e-05
1.84919951231e-05
1.84919951232e-05
1.84919951245e-05
1.84919951368e-05
1.8491995247e-05
1.84919961981e-05
1.84920041389e-05
1.84920687902e-05
1.84925897922e-05
1.84968606755e-05
1.85338876746e-05
1.88733438754e-05
2.14307672103e-05
3.00300887721e-05
4.09309487475e-05
5.24166952492e-05
1.8491995123e-05
1.8491995123e-05
1.8491995123e-05
1.8491995123e-05
1.8491995123e-05
1.8491995123e-05
1.8491995123e-05
1.8491995123e-05
1.8491995123e-05
1.8491995123e-05
1.8491995123e-05
1.8491995123e-05
1.8491995123e-05
1.8491995123e-05
1.8491995123e-05
1.8491995123e-05
1.8491995123e-05
1.8491995123e-05
1.8491995123e-05
1.8491995123e-05
1.8491995123e-05
1.8491995123e-05
1.8491995123e-05
1.8491995123e-05
1.8491995123e-05
1.8491995123e-05
1.8491995123e-05
1.8491995123e-05
1.8491995123e-05
1.8491995123e-05
1.8491995123e-05
1.8491995123e-05
1.8491995123e-05
1.8491995123e-05
1.8491995123e-05
1.8491995123e-05
1.8491995123e-05
1.8491995123e-05
1.8491995123e-05
1.8491995123e-05
1.8491995123e-05
1.8491995123e-05
1.8491995123e-05
1.8491995123e-05
1.84919951231e-05
1.84919951232e-05
1.84919951246e-05
1.84919951375e-05
1.84919952524e-05
1.84919962387e-05
1.84920044181e-05
1.84920704796e-05
1.84925980874e-05
1.84968748161e-05
1.85334529073e-05
1.88638807336e-05
2.13315002907e-05
2.96803746791e-05
4.03892712617e-05
5.17427817224e-05
1.8491995123e-05
1.8491995123e-05
1.8491995123e-05
1.8491995123e-05
1.8491995123e-05
1.8491995123e-05
1.8491995123e-05
1.8491995123e-05
1.8491995123e-05
1.8491995123e-05
1.8491995123e-05
1.8491995123e-05
1.8491995123e-05
1.8491995123e-05
1.8491995123e-05
1.8491995123e-05
1.8491995123e-05
1.8491995123e-05
1.8491995123e-05
1.8491995123e-05
1.8491995123e-05
1.8491995123e-05
1.8491995123e-05
1.8491995123e-05
1.8491995123e-05
1.8491995123e-05
1.8491995123e-05
1.8491995123e-05
1.8491995123e-05
1.8491995123e-05
1.8491995123e-05
1.8491995123e-05
1.8491995123e-05
1.8491995123e-05
1.8491995123e-05
1.8491995123e-05
1.8491995123e-05
1.8491995123e-05
1.8491995123e-05
1.8491995123e-05
1.8491995123e-05
1.8491995123e-05
1.8491995123e-05
1.8491995123e-05
1.84919951231e-05
1.84919951232e-05
1.84919951247e-05
1.84919951382e-05
1.84919952583e-05
1.8491996283e-05
1.84920047214e-05
1.84920723391e-05
1.84926070283e-05
1.84968925733e-05
1.85330303167e-05
1.88544959466e-05
2.12321712092e-05
2.93243486259e-05
3.9832036729e-05
5.10458501142e-05
1.8491995123e-05
1.8491995123e-05
1.8491995123e-05
1.8491995123e-05
1.8491995123e-05
1.8491995123e-05
1.8491995123e-05
1.8491995123e-05
1.8491995123e-05
1.8491995123e-05
1.8491995123e-05
1.8491995123e-05
1.8491995123e-05
1.8491995123e-05
1.8491995123e-05
1.8491995123e-05
1.8491995123e-05
1.8491995123e-05
1.8491995123e-05
1.8491995123e-05
1.8491995123e-05
1.8491995123e-05
1.8491995123e-05
1.8491995123e-05
1.8491995123e-05
1.8491995123e-05
1.8491995123e-05
1.8491995123e-05
1.8491995123e-05
1.8491995123e-05
1.8491995123e-05
1.8491995123e-05
1.8491995123e-05
1.8491995123e-05
1.8491995123e-05
1.8491995123e-05
1.8491995123e-05
1.8491995123e-05
1.8491995123e-05
1.8491995123e-05
1.8491995123e-05
1.8491995123e-05
1.8491995123e-05
1.8491995123e-05
1.84919951231e-05
1.84919951232e-05
1.84919951248e-05
1.8491995139e-05
1.84919952649e-05
1.84919963315e-05
1.84920050555e-05
1.84920743666e-05
1.84926171147e-05
1.8496912946e-05
1.85326243745e-05
1.8845150221e-05
2.11330075546e-05
2.89630126866e-05
3.92590584363e-05
5.03259261785e-05
1.8491995123e-05
1.8491995123e-05
1.8491995123e-05
1.8491995123e-05
1.8491995123e-05
1.8491995123e-05
1.8491995123e-05
1.8491995123e-05
1.8491995123e-05
1.8491995123e-05
1.8491995123e-05
1.8491995123e-05
1.8491995123e-05
1.8491995123e-05
1.8491995123e-05
1.8491995123e-05
1.8491995123e-05
1.8491995123e-05
1.8491995123e-05
1.8491995123e-05
1.8491995123e-05
1.8491995123e-05
1.8491995123e-05
1.8491995123e-05
1.8491995123e-05
1.8491995123e-05
1.8491995123e-05
1.8491995123e-05
1.8491995123e-05
1.8491995123e-05
1.8491995123e-05
1.8491995123e-05
1.8491995123e-05
1.8491995123e-05
1.8491995123e-05
1.8491995123e-05
1.8491995123e-05
1.8491995123e-05
1.8491995123e-05
1.8491995123e-05
1.8491995123e-05
1.8491995123e-05
1.8491995123e-05
1.8491995123e-05
1.84919951231e-05
1.84919951232e-05
1.84919951249e-05
1.84919951399e-05
1.84919952721e-05
1.84919963849e-05
1.84920054168e-05
1.84920765779e-05
1.84926279755e-05
1.84969394345e-05
1.85322309883e-05
1.88359243941e-05
2.10343606036e-05
2.85982996288e-05
3.86734669287e-05
4.95860093698e-05
1.8491995123e-05
1.8491995123e-05
1.8491995123e-05
1.8491995123e-05
1.8491995123e-05
1.8491995123e-05
1.8491995123e-05
1.8491995123e-05
1.8491995123e-05
1.8491995123e-05
1.8491995123e-05
1.8491995123e-05
1.8491995123e-05
1.8491995123e-05
1.8491995123e-05
1.8491995123e-05
1.8491995123e-05
1.8491995123e-05
1.8491995123e-05
1.8491995123e-05
1.8491995123e-05
1.8491995123e-05
1.8491995123e-05
1.8491995123e-05
1.8491995123e-05
1.8491995123e-05
1.8491995123e-05
1.8491995123e-05
1.8491995123e-05
1.8491995123e-05
1.8491995123e-05
1.8491995123e-05
1.8491995123e-05
1.8491995123e-05
1.8491995123e-05
1.8491995123e-05
1.8491995123e-05
1.8491995123e-05
1.8491995123e-05
1.8491995123e-05
1.8491995123e-05
1.8491995123e-05
1.8491995123e-05
1.8491995123e-05
1.84919951231e-05
1.84919951233e-05
1.8491995125e-05
1.84919951409e-05
1.84919952799e-05
1.84919964426e-05
1.84920058101e-05
1.84920789519e-05
1.84926396596e-05
1.84969679203e-05
1.85318548817e-05
1.88268094381e-05
2.09365782792e-05
2.82302115491e-05
3.8075087776e-05
4.88254794514e-05
1.8491995123e-05
1.8491995123e-05
1.8491995123e-05
1.8491995123e-05
1.8491995123e-05
1.8491995123e-05
1.8491995123e-05
1.8491995123e-05
1.8491995123e-05
1.8491995123e-05
1.8491995123e-05
1.8491995123e-05
1.8491995123e-05
1.8491995123e-05
1.8491995123e-05
1.8491995123e-05
1.8491995123e-05
1.8491995123e-05
1.8491995123e-05
1.8491995123e-05
1.8491995123e-05
1.8491995123e-05
1.8491995123e-05
1.8491995123e-05
1.8491995123e-05
1.8491995123e-05
1.8491995123e-05
1.8491995123e-05
1.8491995123e-05
1.8491995123e-05
1.8491995123e-05
1.8491995123e-05
1.8491995123e-05
1.8491995123e-05
1.8491995123e-05
1.8491995123e-05
1.8491995123e-05
1.8491995123e-05
1.8491995123e-05
1.8491995123e-05
1.8491995123e-05
1.8491995123e-05
1.8491995123e-05
1.8491995123e-05
1.84919951231e-05
1.84919951233e-05
1.84919951251e-05
1.8491995142e-05
1.84919952885e-05
1.84919965063e-05
1.84920062407e-05
1.84920815429e-05
1.84926526587e-05
1.84970023942e-05
1.85314991041e-05
1.88178581409e-05
2.08399306772e-05
2.78604084309e-05
3.7465158942e-05
4.80466075797e-05
1.8491995123e-05
1.8491995123e-05
1.8491995123e-05
1.8491995123e-05
1.8491995123e-05
1.8491995123e-05
1.8491995123e-05
1.8491995123e-05
1.8491995123e-05
1.8491995123e-05
1.8491995123e-05
1.8491995123e-05
1.8491995123e-05
1.8491995123e-05
1.8491995123e-05
1.8491995123e-05
1.8491995123e-05
1.8491995123e-05
1.8491995123e-05
1.8491995123e-05
1.8491995123e-05
1.8491995123e-05
1.8491995123e-05
1.8491995123e-05
1.8491995123e-05
1.8491995123e-05
1.8491995123e-05
1.8491995123e-05
1.8491995123e-05
1.8491995123e-05
1.8491995123e-05
1.8491995123e-05
1.8491995123e-05
1.8491995123e-05
1.8491995123e-05
1.8491995123e-05
1.8491995123e-05
1.8491995123e-05
1.8491995123e-05
1.8491995123e-05
1.8491995123e-05
1.8491995123e-05
1.8491995123e-05
1.84919951231e-05
1.84919951231e-05
1.84919951233e-05
1.84919951253e-05
1.84919951432e-05
1.84919952979e-05
1.84919965758e-05
1.84920067069e-05
1.84920843551e-05
1.84926667462e-05
1.84970425486e-05
1.85311671636e-05
1.88091002724e-05
2.07448054443e-05
2.74903716889e-05
3.68465389944e-05
4.72505167093e-05
1.8491995123e-05
1.8491995123e-05
1.8491995123e-05
1.8491995123e-05
1.8491995123e-05
1.8491995123e-05
1.8491995123e-05
1.8491995123e-05
1.8491995123e-05
1.8491995123e-05
1.8491995123e-05
1.8491995123e-05
1.8491995123e-05
1.8491995123e-05
1.8491995123e-05
1.8491995123e-05
1.8491995123e-05
1.8491995123e-05
1.8491995123e-05
1.8491995123e-05
1.8491995123e-05
1.8491995123e-05
1.8491995123e-05
1.8491995123e-05
1.8491995123e-05
1.8491995123e-05
1.8491995123e-05
1.8491995123e-05
1.8491995123e-05
1.8491995123e-05
1.8491995123e-05
1.8491995123e-05
1.8491995123e-05
1.8491995123e-05
1.8491995123e-05
1.8491995123e-05
1.8491995123e-05
1.8491995123e-05
1.8491995123e-05
1.8491995123e-05
1.8491995123e-05
1.8491995123e-05
1.8491995123e-05
1.8491995123e-05
1.84919951231e-05
1.84919951233e-05
1.84919951254e-05
1.84919951445e-05
1.84919953083e-05
1.84919966511e-05
1.84920072156e-05
1.84920874074e-05
1.84926820215e-05
1.84970871321e-05
1.8530860182e-05
1.88005537623e-05
2.06514693807e-05
2.71213898819e-05
3.62200946905e-05
4.64401164371e-05
1.8491995123e-05
1.8491995123e-05
1.84919951231e-05
1.8491995123e-05
1.8491995123e-05
1.8491995123e-05
1.8491995123e-05
1.8491995123e-05
1.8491995123e-05
1.8491995123e-05
1.8491995123e-05
1.8491995123e-05
1.8491995123e-05
1.8491995123e-05
1.8491995123e-05
1.8491995123e-05
1.8491995123e-05
1.8491995123e-05
1.8491995123e-05
1.8491995123e-05
1.8491995123e-05
1.8491995123e-05
1.8491995123e-05
1.8491995123e-05
1.8491995123e-05
1.8491995123e-05
1.8491995123e-05
1.8491995123e-05
1.8491995123e-05
1.8491995123e-05
1.8491995123e-05
1.8491995123e-05
1.8491995123e-05
1.8491995123e-05
1.8491995123e-05
1.8491995123e-05
1.8491995123e-05
1.8491995123e-05
1.8491995123e-05
1.8491995123e-05
1.8491995123e-05
1.8491995123e-05
1.8491995123e-05
1.8491995123e-05
1.84919951231e-05
1.84919951233e-05
1.84919951256e-05
1.8491995146e-05
1.84919953197e-05
1.84919967346e-05
1.84920077696e-05
1.84920907219e-05
1.84926983968e-05
1.84971377056e-05
1.85305736002e-05
1.87922621787e-05
2.05602123604e-05
2.67544229371e-05
3.55874318029e-05
4.56148665004e-05
1.8491995123e-05
1.8491995123e-05
1.8491995123e-05
1.8491995123e-05
1.84919951231e-05
1.8491995123e-05
1.8491995123e-05
1.8491995123e-05
1.8491995123e-05
1.8491995123e-05
1.8491995123e-05
1.8491995123e-05
1.8491995123e-05
1.8491995123e-05
1.8491995123e-05
1.8491995123e-05
1.8491995123e-05
1.8491995123e-05
1.8491995123e-05
1.8491995123e-05
1.8491995123e-05
1.8491995123e-05
1.8491995123e-05
1.8491995123e-05
1.8491995123e-05
1.8491995123e-05
1.8491995123e-05
1.8491995123e-05
1.8491995123e-05
1.8491995123e-05
1.8491995123e-05
1.8491995123e-05
1.8491995123e-05
1.8491995123e-05
1.8491995123e-05
1.8491995123e-05
1.8491995123e-05
1.8491995123e-05
1.8491995123e-05
1.8491995123e-05
1.8491995123e-05
1.8491995123e-05
1.8491995123e-05
1.84919951231e-05
1.84919951231e-05
1.84919951233e-05
1.84919951258e-05
1.84919951476e-05
1.84919953322e-05
1.84919968245e-05
1.84920083683e-05
1.84920942932e-05
1.84927163896e-05
1.84971953191e-05
1.85303230753e-05
1.87841528116e-05
2.04711564246e-05
2.63904847146e-05
3.49501275013e-05
4.47774552259e-05
1.8491995123e-05
1.8491995123e-05
1.8491995123e-05
1.8491995123e-05
1.8491995123e-05
1.8491995123e-05
1.8491995123e-05
1.8491995123e-05
1.8491995123e-05
1.8491995123e-05
1.8491995123e-05
1.8491995123e-05
1.8491995123e-05
1.8491995123e-05
1.8491995123e-05
1.8491995123e-05
1.8491995123e-05
1.8491995123e-05
1.8491995123e-05
1.8491995123e-05
1.8491995123e-05
1.8491995123e-05
1.8491995123e-05
1.8491995123e-05
1.8491995123e-05
1.8491995123e-05
1.8491995123e-05
1.8491995123e-05
1.8491995123e-05
1.8491995123e-05
1.8491995123e-05
1.8491995123e-05
1.8491995123e-05
1.8491995123e-05
1.8491995123e-05
1.8491995123e-05
1.8491995123e-05
1.8491995123e-05
1.8491995123e-05
1.8491995123e-05
1.8491995123e-05
1.8491995123e-05
1.8491995123e-05
1.84919951231e-05
1.84919951231e-05
1.84919951234e-05
1.8491995126e-05
1.84919951493e-05
1.84919953459e-05
1.84919969233e-05
1.84920090212e-05
1.84920981627e-05
1.84927357653e-05
1.84972571893e-05
1.85300949511e-05
1.87763125869e-05
2.03842746125e-05
2.60304080469e-05
3.43097026662e-05
4.39295105281e-05
1.8491995123e-05
1.8491995123e-05
1.8491995123e-05
1.8491995123e-05
1.8491995123e-05
1.8491995123e-05
1.8491995123e-05
1.8491995123e-05
1.8491995123e-05
1.8491995123e-05
1.8491995123e-05
1.8491995123e-05
1.8491995123e-05
1.8491995123e-05
1.8491995123e-05
1.8491995123e-05
1.8491995123e-05
1.8491995123e-05
1.8491995123e-05
1.8491995123e-05
1.8491995123e-05
1.8491995123e-05
1.8491995123e-05
1.8491995123e-05
1.8491995123e-05
1.8491995123e-05
1.8491995123e-05
1.8491995123e-05
1.8491995123e-05
1.8491995123e-05
1.8491995123e-05
1.8491995123e-05
1.8491995123e-05
1.8491995123e-05
1.8491995123e-05
1.8491995123e-05
1.8491995123e-05
1.8491995123e-05
1.8491995123e-05
1.8491995123e-05
1.8491995123e-05
1.84919951231e-05
1.8491995123e-05
1.84919951231e-05
1.84919951231e-05
1.84919951234e-05
1.84919951262e-05
1.84919951513e-05
1.84919953609e-05
1.84919970312e-05
1.84920097336e-05
1.84921023503e-05
1.8492756655e-05
1.84973265821e-05
1.85298920268e-05
1.87687389183e-05
2.03000300889e-05
2.56751204855e-05
3.36673064074e-05
4.30718415031e-05
1.8491995123e-05
1.8491995123e-05
1.8491995123e-05
1.8491995123e-05
1.8491995123e-05
1.8491995123e-05
1.8491995123e-05
1.8491995123e-05
1.8491995123e-05
1.8491995123e-05
1.8491995123e-05
1.8491995123e-05
1.8491995123e-05
1.8491995123e-05
1.8491995123e-05
1.8491995123e-05
1.8491995123e-05
1.8491995123e-05
1.8491995123e-05
1.8491995123e-05
1.8491995123e-05
1.8491995123e-05
1.8491995123e-05
1.8491995123e-05
1.8491995123e-05
1.8491995123e-05
1.8491995123e-05
1.8491995123e-05
1.8491995123e-05
1.8491995123e-05
1.8491995123e-05
1.8491995123e-05
1.8491995123e-05
1.8491995123e-05
1.8491995123e-05
1.8491995123e-05
1.8491995123e-05
1.8491995123e-05
1.8491995123e-05
1.8491995123e-05
1.8491995123e-05
1.8491995123e-05
1.8491995123e-05
1.84919951231e-05
1.84919951231e-05
1.84919951234e-05
1.84919951265e-05
1.84919951534e-05
1.84919953775e-05
1.84919971495e-05
1.84920105011e-05
1.8492106847e-05
1.84927790955e-05
1.84974035176e-05
1.85297277185e-05
1.87614042291e-05
2.02183103523e-05
2.53254467175e-05
3.30246677982e-05
4.22057122282e-05
1.84919951231e-05
1.8491995123e-05
1.8491995123e-05
1.8491995123e-05
1.8491995123e-05
1.8491995123e-05
1.8491995123e-05
1.8491995123e-05
1.8491995123e-05
1.8491995123e-05
1.8491995123e-05
1.8491995123e-05
1.8491995123e-05
1.8491995123e-05
1.8491995123e-05
1.8491995123e-05
1.8491995123e-05
1.8491995123e-05
1.8491995123e-05
1.8491995123e-05
1.84919951231e-05
1.8491995123e-05
1.8491995123e-05
1.8491995123e-05
1.8491995123e-05
1.8491995123e-05
1.8491995123e-05
1.8491995123e-05
1.8491995123e-05
1.8491995123e-05
1.8491995123e-05
1.8491995123e-05
1.8491995123e-05
1.8491995123e-05
1.8491995123e-05
1.8491995123e-05
1.8491995123e-05
1.8491995123e-05
1.8491995123e-05
1.8491995123e-05
1.8491995123e-05
1.8491995123e-05
1.8491995123e-05
1.84919951231e-05
1.84919951231e-05
1.84919951235e-05
1.84919951268e-05
1.84919951558e-05
1.84919953955e-05
1.84919972774e-05
1.8492011334e-05
1.84921117117e-05
1.84928032559e-05
1.84974863032e-05
1.85295838859e-05
1.87543349719e-05
2.01390816992e-05
2.49823094687e-05
3.23829446739e-05
4.13327262804e-05
1.8491995123e-05
1.8491995123e-05
1.8491995123e-05
1.8491995123e-05
1.8491995123e-05
1.8491995123e-05
1.8491995123e-05
1.8491995123e-05
1.8491995123e-05
1.8491995123e-05
1.8491995123e-05
1.8491995123e-05
1.8491995123e-05
1.8491995123e-05
1.8491995123e-05
1.8491995123e-05
1.8491995123e-05
1.8491995123e-05
1.8491995123e-05
1.8491995123e-05
1.8491995123e-05
1.8491995123e-05
1.8491995123e-05
1.8491995123e-05
1.8491995123e-05
1.8491995123e-05
1.8491995123e-05
1.84919951231e-05
1.8491995123e-05
1.8491995123e-05
1.8491995123e-05
1.8491995123e-05
1.8491995123e-05
1.8491995123e-05
1.8491995123e-05
1.8491995123e-05
1.8491995123e-05
1.8491995123e-05
1.8491995123e-05
1.8491995123e-05
1.8491995123e-05
1.8491995123e-05
1.8491995123e-05
1.84919951231e-05
1.84919951231e-05
1.84919951235e-05
1.84919951271e-05
1.84919951584e-05
1.84919954154e-05
1.84919974172e-05
1.84920122399e-05
1.84921169629e-05
1.8492829136e-05
1.8497575606e-05
1.85294736907e-05
1.87474993174e-05
2.00624737176e-05
2.46463000801e-05
3.17438405935e-05
4.04552190672e-05
1.8491995123e-05
1.8491995123e-05
1.8491995123e-05
1.8491995123e-05
1.8491995123e-05
1.8491995123e-05
1.8491995123e-05
1.8491995123e-05
1.8491995123e-05
1.8491995123e-05
1.8491995123e-05
1.8491995123e-05
1.8491995123e-05
1.8491995123e-05
1.8491995123e-05
1.8491995123e-05
1.8491995123e-05
1.8491995123e-05
1.8491995123e-05
1.8491995123e-05
1.8491995123e-05
1.8491995123e-05
1.8491995123e-05
1.8491995123e-05
1.8491995123e-05
1.8491995123e-05
1.8491995123e-05
1.8491995123e-05
1.8491995123e-05
1.8491995123e-05
1.8491995123e-05
1.8491995123e-05
1.8491995123e-05
1.8491995123e-05
1.8491995123e-05
1.8491995123e-05
1.8491995123e-05
1.8491995123e-05
1.8491995123e-05
1.8491995123e-05
1.8491995123e-05
1.8491995123e-05
1.8491995123e-05
1.84919951231e-05
1.84919951231e-05
1.84919951235e-05
1.84919951275e-05
1.84919951613e-05
1.84919954372e-05
1.849199757e-05
1.84920132213e-05
1.84921225809e-05
1.84928569709e-05
1.84976729996e-05
1.85293889103e-05
1.87409106207e-05
1.99885643018e-05
2.43180266882e-05
3.11085668347e-05
3.95729651701e-05
1.8491995123e-05
1.8491995123e-05
1.8491995123e-05
1.8491995123e-05
1.8491995123e-05
1.8491995123e-05
1.8491995123e-05
1.84919951231e-05
1.8491995123e-05
1.8491995123e-05
1.8491995123e-05
1.8491995123e-05
1.8491995123e-05
1.8491995123e-05
1.8491995123e-05
1.8491995123e-05
1.8491995123e-05
1.8491995123e-05
1.8491995123e-05
1.84919951231e-05
1.8491995123e-05
1.8491995123e-05
1.8491995123e-05
1.8491995123e-05
1.8491995123e-05
1.8491995123e-05
1.8491995123e-05
1.8491995123e-05
1.8491995123e-05
1.8491995123e-05
1.8491995123e-05
1.8491995123e-05
1.8491995123e-05
1.8491995123e-05
1.8491995123e-05
1.8491995123e-05
1.8491995123e-05
1.8491995123e-05
1.8491995123e-05
1.8491995123e-05
1.8491995123e-05
1.8491995123e-05
1.8491995123e-05
1.84919951231e-05
1.84919951231e-05
1.84919951236e-05
1.84919951279e-05
1.84919951645e-05
1.8491995461e-05
1.84919977365e-05
1.84920142806e-05
1.84921286648e-05
1.84928865942e-05
1.84977776193e-05
1.85293258701e-05
1.87345578411e-05
1.99173713092e-05
2.3998326732e-05
3.04789450905e-05
3.86893578436e-05
1.8491995123e-05
1.8491995123e-05
1.8491995123e-05
1.8491995123e-05
1.8491995123e-05
1.8491995123e-05
1.8491995123e-05
1.8491995123e-05
1.8491995123e-05
1.8491995123e-05
1.8491995123e-05
1.8491995123e-05
1.8491995123e-05
1.84919951231e-05
1.84919951231e-05
1.8491995123e-05
1.8491995123e-05
1.8491995123e-05
1.8491995123e-05
1.8491995123e-05
1.8491995123e-05
1.8491995123e-05
1.8491995123e-05
1.8491995123e-05
1.8491995123e-05
1.8491995123e-05
1.8491995123e-05
1.8491995123e-05
1.8491995123e-05
1.8491995123e-05
1.8491995123e-05
1.8491995123e-05
1.8491995123e-05
1.8491995123e-05
1.8491995123e-05
1.8491995123e-05
1.8491995123e-05
1.8491995123e-05
1.8491995123e-05
1.8491995123e-05
1.8491995123e-05
1.8491995123e-05
1.8491995123e-05
1.84919951231e-05
1.84919951231e-05
1.84919951236e-05
1.84919951283e-05
1.8491995168e-05
1.8491995487e-05
1.84919979172e-05
1.84920154219e-05
1.84921351667e-05
1.8492918287e-05
1.84978890566e-05
1.85293004047e-05
1.87284454728e-05
1.98486760046e-05
2.36869736924e-05
2.98553904399e-05
3.78038752698e-05
1.8491995123e-05
1.8491995123e-05
1.8491995123e-05
1.8491995123e-05
1.8491995123e-05
1.8491995123e-05
1.8491995123e-05
1.8491995123e-05
1.8491995123e-05
1.8491995123e-05
1.8491995123e-05
1.8491995123e-05
1.8491995123e-05
1.8491995123e-05
1.8491995123e-05
1.8491995123e-05
1.8491995123e-05
1.8491995123e-05
1.8491995123e-05
1.8491995123e-05
1.8491995123e-05
1.8491995123e-05
1.8491995123e-05
1.8491995123e-05
1.8491995123e-05
1.8491995123e-05
1.8491995123e-05
1.8491995123e-05
1.8491995123e-05
1.84919951231e-05
1.8491995123e-05
1.8491995123e-05
1.8491995123e-05
1.8491995123e-05
1.8491995123e-05
1.8491995123e-05
1.8491995123e-05
1.8491995123e-05
1.8491995123e-05
1.8491995123e-05
1.8491995123e-05
1.8491995123e-05
1.8491995123e-05
1.84919951231e-05
1.84919951231e-05
1.84919951237e-05
1.84919951288e-05
1.84919951718e-05
1.84919955157e-05
1.84919981128e-05
1.84920166566e-05
1.84921421163e-05
1.84929516908e-05
1.84980072075e-05
1.85292794923e-05
1.8722490689e-05
1.97824874324e-05
2.33845385126e-05
2.92399703162e-05
3.6919600398e-05
1.8491995123e-05
1.8491995123e-05
1.8491995123e-05
1.8491995123e-05
1.8491995123e-05
1.8491995123e-05
1.8491995123e-05
1.8491995123e-05
1.8491995123e-05
1.8491995123e-05
1.8491995123e-05
1.8491995123e-05
1.8491995123e-05
1.8491995123e-05
1.8491995123e-05
1.8491995123e-05
1.8491995123e-05
1.8491995123e-05
1.8491995123e-05
1.84919951231e-05
1.8491995123e-05
1.8491995123e-05
1.8491995123e-05
1.8491995123e-05
1.8491995123e-05
1.8491995123e-05
1.8491995123e-05
1.8491995123e-05
1.8491995123e-05
1.8491995123e-05
1.8491995123e-05
1.8491995123e-05
1.8491995123e-05
1.8491995123e-05
1.8491995123e-05
1.8491995123e-05
1.8491995123e-05
1.8491995123e-05
1.8491995123e-05
1.8491995123e-05
1.8491995123e-05
1.8491995123e-05
1.8491995123e-05
1.84919951231e-05
1.84919951231e-05
1.84919951237e-05
1.84919951293e-05
1.8491995176e-05
1.84919955468e-05
1.84919983251e-05
1.84920179883e-05
1.8492149536e-05
1.8492987252e-05
1.84981315989e-05
1.8529286163e-05
1.87167208604e-05
1.97186987188e-05
2.30915751594e-05
2.86331530035e-05
3.60353571531e-05
1.8491995123e-05
1.8491995123e-05
1.8491995123e-05
1.84919951231e-05
1.8491995123e-05
1.8491995123e-05
1.8491995123e-05
1.84919951231e-05
1.84919951231e-05
1.8491995123e-05
1.84919951231e-05
1.8491995123e-05
1.8491995123e-05
1.8491995123e-05
1.8491995123e-05
1.8491995123e-05
1.8491995123e-05
1.8491995123e-05
1.8491995123e-05
1.8491995123e-05
1.8491995123e-05
1.8491995123e-05
1.8491995123e-05
1.8491995123e-05
1.8491995123e-05
1.8491995123e-05
1.8491995123e-05
1.8491995123e-05
1.8491995123e-05
1.8491995123e-05
1.8491995123e-05
1.8491995123e-05
1.8491995123e-05
1.8491995123e-05
1.8491995123e-05
1.8491995123e-05
1.8491995123e-05
1.8491995123e-05
1.8491995123e-05
1.8491995123e-05
1.8491995123e-05
1.8491995123e-05
1.8491995123e-05
1.84919951231e-05
1.84919951231e-05
1.84919951238e-05
1.84919951299e-05
1.84919951806e-05
1.84919955808e-05
1.84919985558e-05
1.84920194119e-05
1.84921574364e-05
1.8493024616e-05
1.8498261922e-05
1.85293069416e-05
1.87111155785e-05
1.96572754238e-05
2.28080147805e-05
2.8036483117e-05
3.51546811746e-05
1.8491995123e-05
1.84919951231e-05
1.8491995123e-05
1.8491995123e-05
1.8491995123e-05
1.8491995123e-05
1.8491995123e-05
1.84919951231e-05
1.8491995123e-05
1.8491995123e-05
1.8491995123e-05
1.8491995123e-05
1.84919951231e-05
1.84919951231e-05
1.8491995123e-05
1.8491995123e-05
1.8491995123e-05
1.8491995123e-05
1.8491995123e-05
1.8491995123e-05
1.8491995123e-05
1.8491995123e-05
1.8491995123e-05
1.8491995123e-05
1.8491995123e-05
1.8491995123e-05
1.8491995123e-05
1.8491995123e-05
1.8491995123e-05
1.8491995123e-05
1.8491995123e-05
1.8491995123e-05
1.8491995123e-05
1.8491995123e-05
1.8491995123e-05
1.8491995123e-05
1.8491995123e-05
1.8491995123e-05
1.8491995123e-05
1.8491995123e-05
1.8491995123e-05
1.8491995123e-05
1.8491995123e-05
1.84919951231e-05
1.84919951231e-05
1.84919951239e-05
1.84919951305e-05
1.84919951857e-05
1.84919956177e-05
1.84919988045e-05
1.84920209368e-05
1.84921658085e-05
1.84930639152e-05
1.8498397378e-05
1.85293332608e-05
1.87056369469e-05
1.95980151016e-05
2.25341578089e-05
2.74512626711e-05
3.42782624293e-05
1.84919951231e-05
1.84919951231e-05
1.84919951231e-05
1.8491995123e-05
1.8491995123e-05
1.8491995123e-05
1.84919951231e-05
1.84919951231e-05
1.8491995123e-05
1.8491995123e-05
1.8491995123e-05
1.8491995123e-05
1.84919951231e-05
1.8491995123e-05
1.8491995123e-05
1.8491995123e-05
1.8491995123e-05
1.8491995123e-05
1.8491995123e-05
1.8491995123e-05
1.8491995123e-05
1.8491995123e-05
1.8491995123e-05
1.8491995123e-05
1.8491995123e-05
1.8491995123e-05
1.8491995123e-05
1.8491995123e-05
1.8491995123e-05
1.8491995123e-05
1.8491995123e-05
1.8491995123e-05
1.8491995123e-05
1.8491995123e-05
1.8491995123e-05
1.8491995123e-05
1.8491995123e-05
1.8491995123e-05
1.8491995123e-05
1.8491995123e-05
1.8491995123e-05
1.8491995123e-05
1.8491995123e-05
1.84919951231e-05
1.84919951231e-05
1.8491995124e-05
1.84919951312e-05
1.84919951912e-05
1.84919956576e-05
1.84919990716e-05
1.84920225636e-05
1.84921746678e-05
1.84931047785e-05
1.84985362926e-05
1.85293602172e-05
1.87002219977e-05
1.95408129052e-05
2.2269642029e-05
2.68773988472e-05
3.34060565057e-05
1.84919951231e-05
1.8491995123e-05
1.84919951231e-05
1.8491995123e-05
1.8491995123e-05
1.8491995123e-05
1.8491995123e-05
1.8491995123e-05
1.8491995123e-05
1.8491995123e-05
1.8491995123e-05
1.8491995123e-05
1.8491995123e-05
1.8491995123e-05
1.8491995123e-05
1.8491995123e-05
1.84919951231e-05
1.8491995123e-05
1.8491995123e-05
1.8491995123e-05
1.8491995123e-05
1.8491995123e-05
1.8491995123e-05
1.8491995123e-05
1.8491995123e-05
1.8491995123e-05
1.8491995123e-05
1.8491995123e-05
1.8491995123e-05
1.8491995123e-05
1.8491995123e-05
1.84919951231e-05
1.8491995123e-05
1.8491995123e-05
1.8491995123e-05
1.8491995123e-05
1.8491995123e-05
1.8491995123e-05
1.8491995123e-05
1.8491995123e-05
1.8491995123e-05
1.8491995123e-05
1.8491995123e-05
1.84919951231e-05
1.84919951232e-05
1.84919951241e-05
1.8491995132e-05
1.84919951972e-05
1.84919957006e-05
1.84919993581e-05
1.84920242864e-05
1.84921839348e-05
1.84931472669e-05
1.84986771067e-05
1.85293790244e-05
1.86948556313e-05
1.94854662956e-05
2.20145564151e-05
2.63165069699e-05
3.25401707915e-05
1.84919951231e-05
1.84919951231e-05
1.8491995123e-05
1.8491995123e-05
1.8491995123e-05
1.8491995123e-05
1.8491995123e-05
1.8491995123e-05
1.84919951231e-05
1.84919951231e-05
1.84919951231e-05
1.84919951231e-05
1.84919951231e-05
1.8491995123e-05
1.84919951231e-05
1.84919951231e-05
1.8491995123e-05
1.8491995123e-05
1.8491995123e-05
1.8491995123e-05
1.8491995123e-05
1.8491995123e-05
1.8491995123e-05
1.8491995123e-05
1.8491995123e-05
1.8491995123e-05
1.8491995123e-05
1.8491995123e-05
1.8491995123e-05
1.8491995123e-05
1.8491995123e-05
1.8491995123e-05
1.8491995123e-05
1.8491995123e-05
1.8491995123e-05
1.8491995123e-05
1.8491995123e-05
1.8491995123e-05
1.8491995123e-05
1.8491995123e-05
1.8491995123e-05
1.8491995123e-05
1.8491995123e-05
1.84919951231e-05
1.84919951232e-05
1.84919951242e-05
1.84919951328e-05
1.84919952036e-05
1.84919957469e-05
1.84919996611e-05
1.84920261111e-05
1.84921935844e-05
1.84931906421e-05
1.84988174553e-05
1.85293785116e-05
1.86894934244e-05
1.94318642655e-05
2.17689447304e-05
2.57688017287e-05
3.16804027472e-05
1.8491995123e-05
1.8491995123e-05
1.8491995123e-05
1.8491995123e-05
1.8491995123e-05
1.8491995123e-05
1.8491995123e-05
1.8491995123e-05
1.8491995123e-05
1.8491995123e-05
1.8491995123e-05
1.8491995123e-05
1.8491995123e-05
1.8491995123e-05
1.8491995123e-05
1.84919951231e-05
1.8491995123e-05
1.8491995123e-05
1.8491995123e-05
1.8491995123e-05
1.8491995123e-05
1.8491995123e-05
1.8491995123e-05
1.84919951231e-05
1.8491995123e-05
1.8491995123e-05
1.8491995123e-05
1.8491995123e-05
1.8491995123e-05
1.8491995123e-05
1.8491995123e-05
1.8491995123e-05
1.8491995123e-05
1.8491995123e-05
1.8491995123e-05
1.8491995123e-05
1.8491995123e-05
1.8491995123e-05
1.8491995123e-05
1.8491995123e-05
1.8491995123e-05
1.8491995123e-05
1.8491995123e-05
1.84919951231e-05
1.84919951232e-05
1.84919951243e-05
1.84919951337e-05
1.84919952106e-05
1.84919957962e-05
1.84919999837e-05
1.84920280106e-05
1.84922035541e-05
1.84932345739e-05
1.84989547707e-05
1.85293432126e-05
1.86840574237e-05
1.9379768667e-05
2.15320862819e-05
2.52349651067e-05
3.08283595051e-05
1.8491995123e-05
1.8491995123e-05
1.8491995123e-05
1.8491995123e-05
1.8491995123e-05
1.8491995123e-05
1.8491995123e-05
1.8491995123e-05
1.8491995123e-05
1.8491995123e-05
1.8491995123e-05
1.8491995123e-05
1.8491995123e-05
1.8491995123e-05
1.8491995123e-05
1.8491995123e-05
1.8491995123e-05
1.8491995123e-05
1.8491995123e-05
1.8491995123e-05
1.8491995123e-05
1.8491995123e-05
1.8491995123e-05
1.8491995123e-05
1.8491995123e-05
1.8491995123e-05
1.8491995123e-05
1.8491995123e-05
1.8491995123e-05
1.8491995123e-05
1.8491995123e-05
1.8491995123e-05
1.8491995123e-05
1.8491995123e-05
1.8491995123e-05
1.8491995123e-05
1.8491995123e-05
1.8491995123e-05
1.8491995123e-05
1.8491995123e-05
1.8491995123e-05
1.8491995123e-05
1.8491995123e-05
1.84919951231e-05
1.84919951232e-05
1.84919951244e-05
1.84919951347e-05
1.84919952179e-05
1.84919958484e-05
1.84920003221e-05
1.84920299903e-05
1.84922137651e-05
1.84932786863e-05
1.84990874829e-05
1.8529260443e-05
1.86785218607e-05
1.93289891998e-05
2.130411243e-05
2.47157107089e-05
2.99844306501e-05
1.8491995123e-05
1.8491995123e-05
1.8491995123e-05
1.8491995123e-05
1.8491995123e-05
1.8491995123e-05
1.8491995123e-05
1.8491995123e-05
1.8491995123e-05
1.8491995123e-05
1.8491995123e-05
1.8491995123e-05
1.8491995123e-05
1.8491995123e-05
1.8491995123e-05
1.8491995123e-05
1.8491995123e-05
1.8491995123e-05
1.8491995123e-05
1.8491995123e-05
1.8491995123e-05
1.8491995123e-05
1.8491995123e-05
1.8491995123e-05
1.84919951231e-05
1.84919951231e-05
1.8491995123e-05
1.8491995123e-05
1.8491995123e-05
1.8491995123e-05
1.8491995123e-05
1.8491995123e-05
1.8491995123e-05
1.8491995123e-05
1.8491995123e-05
1.8491995123e-05
1.8491995123e-05
1.8491995123e-05
1.8491995123e-05
1.8491995123e-05
1.8491995123e-05
1.8491995123e-05
1.8491995123e-05
1.84919951231e-05
1.84919951232e-05
1.84919951245e-05
1.84919951357e-05
1.84919952258e-05
1.84919959032e-05
1.84920006723e-05
1.84920320224e-05
1.84922240615e-05
1.84933220288e-05
1.84992095302e-05
1.8529115432e-05
1.86727961932e-05
1.92792490717e-05
2.10847152549e-05
2.42114597687e-05
2.91505534592e-05
1.8491995123e-05
1.8491995123e-05
1.8491995123e-05
1.8491995123e-05
1.8491995123e-05
1.8491995123e-05
1.8491995123e-05
1.8491995123e-05
1.8491995123e-05
1.8491995123e-05
1.8491995123e-05
1.8491995123e-05
1.8491995123e-05
1.8491995123e-05
1.8491995123e-05
1.8491995123e-05
1.8491995123e-05
1.8491995123e-05
1.8491995123e-05
1.8491995123e-05
1.8491995123e-05
1.8491995123e-05
1.8491995123e-05
1.8491995123e-05
1.8491995123e-05
1.8491995123e-05
1.8491995123e-05
1.8491995123e-05
1.8491995123e-05
1.8491995123e-05
1.8491995123e-05
1.8491995123e-05
1.8491995123e-05
1.8491995123e-05
1.8491995123e-05
1.8491995123e-05
1.8491995123e-05
1.8491995123e-05
1.8491995123e-05
1.8491995123e-05
1.8491995123e-05
1.8491995123e-05
1.84919951231e-05
1.84919951231e-05
1.84919951232e-05
1.84919951247e-05
1.84919951368e-05
1.8491995234e-05
1.84919959601e-05
1.84920010333e-05
1.84920340752e-05
1.84922342736e-05
1.84933633885e-05
1.84993165417e-05
1.85288730962e-05
1.86668070961e-05
1.92303765236e-05
2.08733787099e-05
2.37222122313e-05
2.83244340034e-05
1.8491995123e-05
1.8491995123e-05
1.8491995123e-05
1.84919951231e-05
1.84919951231e-05
1.84919951231e-05
1.8491995123e-05
1.8491995123e-05
1.8491995123e-05
1.8491995123e-05
1.8491995123e-05
1.8491995123e-05
1.8491995123e-05
1.8491995123e-05
1.8491995123e-05
1.8491995123e-05
1.8491995123e-05
1.8491995123e-05
1.8491995123e-05
1.8491995123e-05
1.8491995123e-05
1.8491995123e-05
1.8491995123e-05
1.8491995123e-05
1.8491995123e-05
1.8491995123e-05
1.8491995123e-05
1.8491995123e-05
1.8491995123e-05
1.8491995123e-05
1.8491995123e-05
1.8491995123e-05
1.8491995123e-05
1.84919951231e-05
1.8491995123e-05
1.8491995123e-05
1.8491995123e-05
1.8491995123e-05
1.8491995123e-05
1.8491995123e-05
1.8491995123e-05
1.8491995123e-05
1.84919951231e-05
1.84919951231e-05
1.84919951232e-05
1.84919951248e-05
1.8491995138e-05
1.84919952424e-05
1.84919960182e-05
1.8492001396e-05
1.84920361006e-05
1.84922441259e-05
1.84934017938e-05
1.84994006894e-05
1.85285296337e-05
1.86604987189e-05
1.91821990295e-05
2.06696230512e-05
2.32482792249e-05
2.75089963475e-05
1.8491995123e-05
1.8491995123e-05
1.8491995123e-05
1.8491995123e-05
1.8491995123e-05
1.8491995123e-05
1.8491995123e-05
1.8491995123e-05
1.8491995123e-05
1.8491995123e-05
1.8491995123e-05
1.8491995123e-05
1.8491995123e-05
1.8491995123e-05
1.8491995123e-05
1.8491995123e-05
1.8491995123e-05
1.8491995123e-05
1.8491995123e-05
1.8491995123e-05
1.8491995123e-05
1.8491995123e-05
1.8491995123e-05
1.8491995123e-05
1.8491995123e-05
1.8491995123e-05
1.8491995123e-05
1.8491995123e-05
1.8491995123e-05
1.8491995123e-05
1.8491995123e-05
1.8491995123e-05
1.8491995123e-05
1.8491995123e-05
1.8491995123e-05
1.8491995123e-05
1.8491995123e-05
1.8491995123e-05
1.8491995123e-05
1.8491995123e-05
1.8491995123e-05
1.8491995123e-05
1.84919951231e-05
1.84919951231e-05
1.84919951233e-05
1.84919951249e-05
1.84919951391e-05
1.8491995251e-05
1.84919960763e-05
1.84920017527e-05
1.84920380628e-05
1.84922533553e-05
1.84934351557e-05
1.84994569482e-05
1.85280404961e-05
1.86537622616e-05
1.91343656965e-05
2.04731301742e-05
2.27898718271e-05
2.67035719232e-05
1.8491995123e-05
1.8491995123e-05
1.8491995123e-05
1.8491995123e-05
1.8491995123e-05
1.8491995123e-05
1.8491995123e-05
1.8491995123e-05
1.8491995123e-05
1.8491995123e-05
1.8491995123e-05
1.8491995123e-05
1.8491995123e-05
1.8491995123e-05
1.8491995123e-05
1.8491995123e-05
1.8491995123e-05
1.8491995123e-05
1.8491995123e-05
1.8491995123e-05
1.8491995123e-05
1.8491995123e-05
1.8491995123e-05
1.84919951231e-05
1.84919951231e-05
1.84919951231e-05
1.8491995123e-05
1.8491995123e-05
1.8491995123e-05
1.8491995123e-05
1.8491995123e-05
1.8491995123e-05
1.8491995123e-05
1.8491995123e-05
1.8491995123e-05
1.8491995123e-05
1.8491995123e-05
1.8491995123e-05
1.8491995123e-05
1.8491995123e-05
1.8491995123e-05
1.84919951231e-05
1.84919951231e-05
1.84919951231e-05
1.84919951233e-05
1.84919951251e-05
1.84919951403e-05
1.84919952594e-05
1.84919961325e-05
1.84920020937e-05
1.84920398803e-05
1.8492261479e-05
1.84934620139e-05
1.84994739055e-05
1.85273725917e-05
1.86464644531e-05
1.90866466141e-05
2.02831644378e-05
2.23470794577e-05
2.5907960366e-05
1.84919951231e-05
1.8491995123e-05
1.8491995123e-05
1.8491995123e-05
1.8491995123e-05
1.8491995123e-05
1.8491995123e-05
1.8491995123e-05
1.8491995123e-05
1.8491995123e-05
1.8491995123e-05
1.8491995123e-05
1.8491995123e-05
1.8491995123e-05
1.8491995123e-05
1.8491995123e-05
1.8491995123e-05
1.8491995123e-05
1.8491995123e-05
1.8491995123e-05
1.8491995123e-05
1.8491995123e-05
1.84919951231e-05
1.84919951231e-05
1.84919951231e-05
1.84919951231e-05
1.8491995123e-05
1.8491995123e-05
1.8491995123e-05
1.8491995123e-05
1.8491995123e-05
1.8491995123e-05
1.8491995123e-05
1.8491995123e-05
1.84919951231e-05
1.84919951231e-05
1.8491995123e-05
1.8491995123e-05
1.8491995123e-05
1.8491995123e-05
1.8491995123e-05
1.8491995123e-05
1.8491995123e-05
1.84919951231e-05
1.84919951233e-05
1.84919951252e-05
1.84919951414e-05
1.84919952674e-05
1.84919961849e-05
1.84920024019e-05
1.84920414508e-05
1.84922679905e-05
1.84934790581e-05
1.84994401749e-05
1.85264860555e-05
1.86385322591e-05
1.90386935466e-05
2.00993873245e-05
2.19193268321e-05
2.51225131875e-05
1.8491995123e-05
1.84919951231e-05
1.8491995123e-05
1.8491995123e-05
1.8491995123e-05
1.8491995123e-05
1.8491995123e-05
1.8491995123e-05
1.8491995123e-05
1.8491995123e-05
1.8491995123e-05
1.8491995123e-05
1.8491995123e-05
1.8491995123e-05
1.8491995123e-05
1.8491995123e-05
1.8491995123e-05
1.8491995123e-05
1.8491995123e-05
1.8491995123e-05
1.8491995123e-05
1.8491995123e-05
1.8491995123e-05
1.8491995123e-05
1.8491995123e-05
1.8491995123e-05
1.84919951231e-05
1.84919951231e-05
1.8491995123e-05
1.8491995123e-05
1.8491995123e-05
1.8491995123e-05
1.8491995123e-05
1.8491995123e-05
1.8491995123e-05
1.8491995123e-05
1.8491995123e-05
1.8491995123e-05
1.8491995123e-05
1.8491995123e-05
1.8491995123e-05
1.8491995123e-05
1.84919951231e-05
1.84919951231e-05
1.84919951233e-05
1.84919951254e-05
1.84919951424e-05
1.84919952745e-05
1.84919962301e-05
1.84920026566e-05
1.84920426585e-05
1.84922722938e-05
1.84934833564e-05
1.84993435446e-05
1.85253281266e-05
1.86297977616e-05
1.89901811932e-05
1.99207463732e-05
2.15059703268e-05
2.43463414919e-05
1.84919951231e-05
1.8491995123e-05
1.8491995123e-05
1.8491995123e-05
1.8491995123e-05
1.84919951231e-05
1.8491995123e-05
1.8491995123e-05
1.8491995123e-05
1.8491995123e-05
1.8491995123e-05
1.8491995123e-05
1.8491995123e-05
1.8491995123e-05
1.8491995123e-05
1.8491995123e-05
1.8491995123e-05
1.8491995123e-05
1.8491995123e-05
1.8491995123e-05
1.8491995123e-05
1.8491995123e-05
1.84919951231e-05
1.8491995123e-05
1.8491995123e-05
1.8491995123e-05
1.8491995123e-05
1.8491995123e-05
1.8491995123e-05
1.8491995123e-05
1.8491995123e-05
1.8491995123e-05
1.8491995123e-05
1.8491995123e-05
1.8491995123e-05
1.8491995123e-05
1.8491995123e-05
1.8491995123e-05
1.8491995123e-05
1.8491995123e-05
1.8491995123e-05
1.8491995123e-05
1.84919951231e-05
1.84919951231e-05
1.84919951233e-05
1.84919951255e-05
1.84919951432e-05
1.84919952801e-05
1.84919962635e-05
1.84920028306e-05
1.8492043348e-05
1.84922733863e-05
1.84934706908e-05
1.84991653276e-05
1.85238495439e-05
1.86201398443e-05
1.89409544182e-05
1.97468965673e-05
2.11070951599e-05
2.35795648456e-05
1.8491995123e-05
1.8491995123e-05
1.8491995123e-05
1.8491995123e-05
1.8491995123e-05
1.8491995123e-05
1.8491995123e-05
1.8491995123e-05
1.8491995123e-05
1.8491995123e-05
1.8491995123e-05
1.8491995123e-05
1.8491995123e-05
1.8491995123e-05
1.8491995123e-05
1.8491995123e-05
1.8491995123e-05
1.8491995123e-05
1.8491995123e-05
1.8491995123e-05
1.8491995123e-05
1.8491995123e-05
1.8491995123e-05
1.8491995123e-05
1.8491995123e-05
1.8491995123e-05
1.84919951231e-05
1.8491995123e-05
1.8491995123e-05
1.8491995123e-05
1.8491995123e-05
1.8491995123e-05
1.8491995123e-05
1.8491995123e-05
1.8491995123e-05
1.8491995123e-05
1.8491995123e-05
1.8491995123e-05
1.8491995123e-05
1.8491995123e-05
1.8491995123e-05
1.8491995123e-05
1.8491995123e-05
1.84919951231e-05
1.84919951233e-05
1.84919951256e-05
1.84919951438e-05
1.84919952834e-05
1.84919962813e-05
1.84920028918e-05
1.84920433111e-05
1.849227036e-05
1.8493436218e-05
1.84988876079e-05
1.85219806507e-05
1.86093615683e-05
1.88904961911e-05
1.95771867985e-05
2.07218327496e-05
2.2820866601e-05
1.8491995123e-05
1.8491995123e-05
1.8491995123e-05
1.8491995123e-05
1.8491995123e-05
1.8491995123e-05
1.8491995123e-05
1.8491995123e-05
1.8491995123e-05
1.8491995123e-05
1.8491995123e-05
1.8491995123e-05
1.8491995123e-05
1.8491995123e-05
1.8491995123e-05
1.8491995123e-05
1.8491995123e-05
1.8491995123e-05
1.8491995123e-05
1.8491995123e-05
1.8491995123e-05
1.8491995123e-05
1.8491995123e-05
1.8491995123e-05
1.8491995123e-05
1.8491995123e-05
1.84919951231e-05
1.84919951231e-05
1.84919951231e-05
1.8491995123e-05
1.8491995123e-05
1.8491995123e-05
1.8491995123e-05
1.8491995123e-05
1.8491995123e-05
1.8491995123e-05
1.8491995123e-05
1.8491995123e-05
1.8491995123e-05
1.8491995123e-05
1.8491995123e-05
1.8491995123e-05
1.84919951231e-05
1.84919951231e-05
1.84919951233e-05
1.84919951256e-05
1.84919951439e-05
1.84919952835e-05
1.84919962746e-05
1.84920027933e-05
1.84920423121e-05
1.84922619132e-05
1.84933746106e-05
1.84984875716e-05
1.85196502664e-05
1.85973343108e-05
1.88385216449e-05
1.94104814867e-05
2.03491283519e-05
2.20689479564e-05
1.8491995123e-05
1.8491995123e-05
1.8491995123e-05
1.8491995123e-05
1.8491995123e-05
1.8491995123e-05
1.8491995123e-05
1.8491995123e-05
1.8491995123e-05
1.8491995123e-05
1.8491995123e-05
1.8491995123e-05
1.8491995123e-05
1.8491995123e-05
1.8491995123e-05
1.8491995123e-05
1.8491995123e-05
1.8491995123e-05
1.8491995123e-05
1.8491995123e-05
1.8491995123e-05
1.8491995123e-05
1.8491995123e-05
1.8491995123e-05
1.8491995123e-05
1.8491995123e-05
1.84919951231e-05
1.84919951231e-05
1.84919951231e-05
1.8491995123e-05
1.8491995123e-05
1.8491995123e-05
1.8491995123e-05
1.8491995123e-05
1.8491995123e-05
1.8491995123e-05
1.8491995123e-05
1.8491995123e-05
1.8491995123e-05
1.8491995123e-05
1.8491995123e-05
1.8491995123e-05
1.84919951231e-05
1.84919951231e-05
1.84919951233e-05
1.84919951255e-05
1.84919951434e-05
1.84919952791e-05
1.84919962361e-05
1.84920024836e-05
1.84920400321e-05
1.84922464263e-05
1.84932783071e-05
1.84979360445e-05
1.85167675389e-05
1.85838023762e-05
1.87846483056e-05
1.92463572962e-05
1.99885275415e-05
2.13225478695e-05
1.8491995123e-05
1.8491995123e-05
1.84919951231e-05
1.8491995123e-05
1.8491995123e-05
1.8491995123e-05
1.8491995123e-05
1.8491995123e-05
1.8491995123e-05
1.8491995123e-05
1.8491995123e-05
1.8491995123e-05
1.8491995123e-05
1.8491995123e-05
1.84919951231e-05
1.8491995123e-05
1.8491995123e-05
1.8491995123e-05
1.8491995123e-05
1.8491995123e-05
1.8491995123e-05
1.8491995123e-05
1.8491995123e-05
1.8491995123e-05
1.8491995123e-05
1.8491995123e-05
1.84919951231e-05
1.84919951231e-05
1.84919951231e-05
1.8491995123e-05
1.8491995123e-05
1.8491995123e-05
1.8491995123e-05
1.8491995123e-05
1.8491995123e-05
1.8491995123e-05
1.8491995123e-05
1.8491995123e-05
1.8491995123e-05
1.8491995123e-05
1.8491995123e-05
1.8491995123e-05
1.84919951231e-05
1.84919951231e-05
1.84919951233e-05
1.84919951254e-05
1.84919951422e-05
1.84919952688e-05
1.84919961565e-05
1.84920019098e-05
1.84920361682e-05
1.84922225038e-05
1.84931412382e-05
1.84972165159e-05
1.85133105079e-05
1.85687911212e-05
1.87289671576e-05
1.90849657674e-05
1.96408379153e-05
2.05827460901e-05
1.84919951231e-05
1.8491995123e-05
1.84919951231e-05
1.8491995123e-05
1.84919951231e-05
1.8491995123e-05
1.8491995123e-05
1.8491995123e-05
1.8491995123e-05
1.8491995123e-05
1.8491995123e-05
1.8491995123e-05
1.84919951231e-05
1.84919951231e-05
1.84919951231e-05
1.8491995123e-05
1.8491995123e-05
1.8491995123e-05
1.8491995123e-05
1.8491995123e-05
1.8491995123e-05
1.8491995123e-05
1.8491995123e-05
1.8491995123e-05
1.8491995123e-05
1.8491995123e-05
1.84919951231e-05
1.8491995123e-05
1.8491995123e-05
1.8491995123e-05
1.8491995123e-05
1.8491995123e-05
1.8491995123e-05
1.8491995123e-05
1.8491995123e-05
1.8491995123e-05
1.8491995123e-05
1.8491995123e-05
1.8491995123e-05
1.8491995123e-05
1.8491995123e-05
1.8491995123e-05
1.84919951231e-05
1.84919951231e-05
1.84919951233e-05
1.84919951252e-05
1.84919951405e-05
1.84919952553e-05
1.84919960548e-05
1.84920011919e-05
1.84920314995e-05
1.84921944011e-05
1.84929861133e-05
1.84964316364e-05
1.85096939259e-05
1.85539470856e-05
1.86765591221e-05
1.89377329139e-05
1.9325035324e-05
1.98774090791e-05
1.8491995123e-05
1.8491995123e-05
1.8491995123e-05
1.8491995123e-05
1.8491995123e-05
1.8491995123e-05
1.8491995123e-05
1.8491995123e-05
1.8491995123e-05
1.8491995123e-05
1.8491995123e-05
1.8491995123e-05
1.8491995123e-05
1.8491995123e-05
1.8491995123e-05
1.8491995123e-05
1.8491995123e-05
1.8491995123e-05
1.8491995123e-05
1.8491995123e-05
1.8491995123e-05
1.8491995123e-05
1.8491995123e-05
1.8491995123e-05
1.8491995123e-05
1.8491995123e-05
1.8491995123e-05
1.8491995123e-05
1.8491995123e-05
1.8491995123e-05
1.8491995123e-05
1.8491995123e-05
1.8491995123e-05
1.8491995123e-05
1.8491995123e-05
1.8491995123e-05
1.8491995123e-05
1.8491995123e-05
1.8491995123e-05
1.8491995123e-05
1.8491995123e-05
1.8491995123e-05
1.8491995123e-05
1.8491995123e-05
1.8491995123e-05
1.8491995123e-05
1.8491995123e-05
1.8491995123e-05
1.8491995123e-05
1.8491995123e-05
1.8491995123e-05
1.8491995123e-05
1.8491995123e-05
1.8491995123e-05
1.8491995123e-05
1.8491995123e-05
1.8491995123e-05
1.8491995123e-05
1.8491995123e-05
1.8491995123e-05
1.8491995123e-05
1.8491995123e-05
1.8491995123e-05
1.8491995123e-05
1.8491995123e-05
1.8491995123e-05
1.8491995123e-05
1.8491995123e-05
1.8491995123e-05
1.8491995123e-05
1.8491995123e-05
1.8491995123e-05
1.8491995123e-05
1.8491995123e-05
1.8491995123e-05
1.8491995123e-05
1.8491995123e-05
1.8491995123e-05
1.8491995123e-05
1.8491995123e-05
1.8491995123e-05
1.8491995123e-05
1.8491995123e-05
1.8491995123e-05
1.8491995123e-05
1.8491995123e-05
1.8491995123e-05
1.84919951231e-05
1.8491995123e-05
1.8491995123e-05
1.8491995123e-05
1.8491995123e-05
1.8491995123e-05
1.8491995123e-05
1.8491995123e-05
1.8491995123e-05
1.8491995123e-05
1.8491995123e-05
1.8491995123e-05
1.8491995123e-05
1.8491995123e-05
1.8491995123e-05
1.8491995123e-05
1.8491995123e-05
1.8491995123e-05
1.8491995123e-05
1.8491995123e-05
1.8491995123e-05
1.8491995123e-05
1.8491995123e-05
1.8491995123e-05
1.8491995123e-05
1.8491995123e-05
1.8491995123e-05
1.8491995123e-05
1.8491995123e-05
1.8491995123e-05
1.8491995123e-05
1.8491995123e-05
1.8491995123e-05
1.8491995123e-05
1.8491995123e-05
1.8491995123e-05
1.8491995123e-05
1.8491995123e-05
1.8491995123e-05
1.8491995123e-05
1.8491995123e-05
1.8491995123e-05
1.8491995123e-05
1.8491995123e-05
1.8491995123e-05
1.8491995123e-05
1.8491995123e-05
1.8491995123e-05
1.8491995123e-05
1.8491995123e-05
1.8491995123e-05
1.8491995123e-05
1.8491995123e-05
1.8491995123e-05
1.8491995123e-05
1.8491995123e-05
1.8491995123e-05
1.8491995123e-05
1.8491995123e-05
1.84919951231e-05
1.84919951231e-05
1.84919951231e-05
1.8491995123e-05
1.8491995123e-05
1.8491995123e-05
1.8491995123e-05
1.8491995123e-05
1.8491995123e-05
1.8491995123e-05
1.8491995123e-05
1.8491995123e-05
1.8491995123e-05
1.8491995123e-05
1.8491995123e-05
1.8491995123e-05
1.8491995123e-05
1.8491995123e-05
1.8491995123e-05
1.8491995123e-05
1.8491995123e-05
1.8491995123e-05
1.8491995123e-05
1.8491995123e-05
1.8491995123e-05
1.8491995123e-05
1.8491995123e-05
1.8491995123e-05
1.8491995123e-05
1.8491995123e-05
1.8491995123e-05
1.8491995123e-05
1.8491995123e-05
1.8491995123e-05
1.8491995123e-05
1.8491995123e-05
1.8491995123e-05
1.8491995123e-05
1.8491995123e-05
1.8491995123e-05
1.8491995123e-05
1.8491995123e-05
1.8491995123e-05
1.8491995123e-05
1.8491995123e-05
1.8491995123e-05
1.8491995123e-05
1.8491995123e-05
1.84919951231e-05
1.84919951231e-05
1.84919951231e-05
1.8491995123e-05
1.8491995123e-05
1.8491995123e-05
1.8491995123e-05
1.8491995123e-05
1.8491995123e-05
1.84919951231e-05
1.8491995123e-05
1.8491995123e-05
1.84919951231e-05
1.8491995123e-05
1.8491995123e-05
1.8491995123e-05
1.84919951231e-05
1.8491995123e-05
1.8491995123e-05
1.8491995123e-05
1.8491995123e-05
1.8491995123e-05
1.8491995123e-05
1.8491995123e-05
1.8491995123e-05
1.8491995123e-05
1.8491995123e-05
1.8491995123e-05
1.8491995123e-05
1.8491995123e-05
1.8491995123e-05
1.8491995123e-05
1.8491995123e-05
1.8491995123e-05
1.8491995123e-05
1.8491995123e-05
1.8491995123e-05
1.8491995123e-05
1.8491995123e-05
1.8491995123e-05
1.8491995123e-05
1.8491995123e-05
1.8491995123e-05
1.8491995123e-05
1.8491995123e-05
1.8491995123e-05
1.8491995123e-05
1.8491995123e-05
1.84919951231e-05
1.84919951231e-05
1.8491995123e-05
1.8491995123e-05
1.8491995123e-05
1.8491995123e-05
1.8491995123e-05
1.8491995123e-05
1.8491995123e-05
1.8491995123e-05
1.8491995123e-05
1.8491995123e-05
1.8491995123e-05
1.8491995123e-05
1.8491995123e-05
1.8491995123e-05
1.8491995123e-05
1.8491995123e-05
1.8491995123e-05
1.8491995123e-05
1.84919951231e-05
1.8491995123e-05
1.8491995123e-05
1.8491995123e-05
1.8491995123e-05
1.8491995123e-05
1.8491995123e-05
1.8491995123e-05
1.8491995123e-05
1.8491995123e-05
1.8491995123e-05
1.8491995123e-05
1.8491995123e-05
1.8491995123e-05
1.8491995123e-05
1.8491995123e-05
1.8491995123e-05
1.8491995123e-05
1.8491995123e-05
1.8491995123e-05
1.8491995123e-05
1.8491995123e-05
1.8491995123e-05
1.8491995123e-05
1.8491995123e-05
1.8491995123e-05
1.8491995123e-05
1.8491995123e-05
1.8491995123e-05
1.8491995123e-05
1.8491995123e-05
1.8491995123e-05
1.8491995123e-05
1.8491995123e-05
1.8491995123e-05
1.8491995123e-05
1.8491995123e-05
1.8491995123e-05
1.8491995123e-05
1.84919951231e-05
1.8491995123e-05
1.8491995123e-05
1.8491995123e-05
1.8491995123e-05
1.8491995123e-05
1.8491995123e-05
1.8491995123e-05
1.8491995123e-05
1.8491995123e-05
1.8491995123e-05
1.8491995123e-05
1.8491995123e-05
1.8491995123e-05
1.8491995123e-05
1.84919951231e-05
1.8491995123e-05
1.8491995123e-05
1.8491995123e-05
1.8491995123e-05
1.8491995123e-05
1.8491995123e-05
1.8491995123e-05
1.84919951231e-05
1.84919951231e-05
1.84919951231e-05
1.8491995123e-05
1.8491995123e-05
1.8491995123e-05
1.8491995123e-05
1.8491995123e-05
1.8491995123e-05
1.8491995123e-05
1.8491995123e-05
1.8491995123e-05
1.8491995123e-05
1.8491995123e-05
1.8491995123e-05
1.84919951231e-05
1.8491995123e-05
1.8491995123e-05
1.84919951231e-05
1.84919951231e-05
1.8491995123e-05
1.8491995123e-05
1.8491995123e-05
1.84919951231e-05
1.84919951231e-05
1.8491995123e-05
1.84919951231e-05
1.8491995123e-05
1.8491995123e-05
1.8491995123e-05
1.8491995123e-05
1.8491995123e-05
1.84919951231e-05
1.84919951231e-05
1.8491995123e-05
1.8491995123e-05
1.84919951231e-05
1.8491995123e-05
1.8491995123e-05
1.8491995123e-05
1.8491995123e-05
1.8491995123e-05
1.84919951231e-05
1.8491995123e-05
1.8491995123e-05
1.8491995123e-05
1.8491995123e-05
1.8491995123e-05
1.8491995123e-05
1.8491995123e-05
1.8491995123e-05
1.8491995123e-05
1.8491995123e-05
1.8491995123e-05
1.8491995123e-05
1.8491995123e-05
1.8491995123e-05
1.84919951231e-05
1.84919951231e-05
1.8491995123e-05
1.8491995123e-05
1.8491995123e-05
1.8491995123e-05
1.8491995123e-05
1.8491995123e-05
1.8491995123e-05
1.8491995123e-05
1.84919951231e-05
1.8491995123e-05
1.8491995123e-05
1.8491995123e-05
1.8491995123e-05
1.84919951231e-05
1.8491995123e-05
1.8491995123e-05
1.8491995123e-05
1.8491995123e-05
1.8491995123e-05
1.84919951231e-05
1.8491995123e-05
1.8491995123e-05
1.84919951231e-05
1.84919951231e-05
1.8491995123e-05
1.84919951231e-05
1.8491995123e-05
1.8491995123e-05
1.8491995123e-05
1.84919951231e-05
1.8491995123e-05
1.8491995123e-05
1.84919951231e-05
1.84919951231e-05
1.8491995123e-05
1.84919951231e-05
1.8491995123e-05
1.8491995123e-05
1.8491995123e-05
1.8491995123e-05
1.84919951231e-05
1.8491995123e-05
1.8491995123e-05
1.8491995123e-05
1.8491995123e-05
1.8491995123e-05
1.84919951231e-05
1.84919951231e-05
1.84919951231e-05
1.8491995123e-05
1.8491995123e-05
1.8491995123e-05
1.8491995123e-05
1.8491995123e-05
1.8491995123e-05
1.8491995123e-05
1.84919951231e-05
1.8491995123e-05
1.8491995123e-05
1.8491995123e-05
1.8491995123e-05
1.8491995123e-05
1.8491995123e-05
1.8491995123e-05
1.8491995123e-05
1.8491995123e-05
1.84919951231e-05
1.8491995123e-05
1.8491995123e-05
1.8491995123e-05
1.84919951231e-05
1.84919951231e-05
1.84919951231e-05
1.8491995123e-05
1.8491995123e-05
1.8491995123e-05
1.8491995123e-05
1.8491995123e-05
1.84919951231e-05
1.8491995123e-05
1.8491995123e-05
1.8491995123e-05
1.8491995123e-05
1.8491995123e-05
1.8491995123e-05
1.84919951231e-05
1.8491995123e-05
1.84919951231e-05
1.8491995123e-05
1.8491995123e-05
1.84919951231e-05
1.84919951231e-05
1.8491995123e-05
1.8491995123e-05
1.8491995123e-05
1.84919951231e-05
1.8491995123e-05
1.8491995123e-05
1.8491995123e-05
1.8491995123e-05
1.84919951231e-05
1.8491995123e-05
1.8491995123e-05
1.84919951231e-05
1.8491995123e-05
1.8491995123e-05
1.8491995123e-05
1.84919951231e-05
1.8491995123e-05
1.84919951231e-05
1.8491995123e-05
1.8491995123e-05
1.84919951231e-05
1.84919951231e-05
1.8491995123e-05
1.8491995123e-05
1.8491995123e-05
1.8491995123e-05
1.8491995123e-05
1.8491995123e-05
1.8491995123e-05
1.8491995123e-05
1.84919951231e-05
1.84919951231e-05
1.8491995123e-05
1.8491995123e-05
1.8491995123e-05
1.8491995123e-05
1.8491995123e-05
1.8491995123e-05
1.8491995123e-05
1.84919951231e-05
1.84919951231e-05
1.8491995123e-05
1.8491995123e-05
1.8491995123e-05
1.8491995123e-05
1.8491995123e-05
1.8491995123e-05
1.8491995123e-05
1.8491995123e-05
1.8491995123e-05
1.8491995123e-05
1.8491995123e-05
1.8491995123e-05
1.8491995123e-05
1.84919951231e-05
1.8491995123e-05
1.8491995123e-05
1.8491995123e-05
1.8491995123e-05
1.8491995123e-05
1.8491995123e-05
1.8491995123e-05
1.8491995123e-05
1.8491995123e-05
1.8491995123e-05
1.8491995123e-05
1.8491995123e-05
1.8491995123e-05
1.8491995123e-05
1.8491995123e-05
1.8491995123e-05
1.8491995123e-05
1.8491995123e-05
1.8491995123e-05
1.84919951231e-05
1.8491995123e-05
1.8491995123e-05
1.8491995123e-05
1.8491995123e-05
1.8491995123e-05
1.8491995123e-05
1.8491995123e-05
1.8491995123e-05
1.8491995123e-05
1.84919951231e-05
1.8491995123e-05
1.8491995123e-05
1.8491995123e-05
1.8491995123e-05
1.8491995123e-05
1.8491995123e-05
1.8491995123e-05
1.8491995123e-05
1.8491995123e-05
1.84919951231e-05
1.84919951231e-05
1.8491995123e-05
1.8491995123e-05
1.8491995123e-05
1.8491995123e-05
1.8491995123e-05
1.8491995123e-05
1.8491995123e-05
1.8491995123e-05
1.84919951231e-05
1.8491995123e-05
1.8491995123e-05
1.8491995123e-05
1.8491995123e-05
1.8491995123e-05
1.8491995123e-05
1.8491995123e-05
1.8491995123e-05
1.8491995123e-05
1.8491995123e-05
1.84919951231e-05
1.8491995123e-05
1.8491995123e-05
1.84919951231e-05
1.8491995123e-05
1.8491995123e-05
1.8491995123e-05
1.8491995123e-05
1.8491995123e-05
1.8491995123e-05
)
;

boundaryField
{
    bottom
    {
        type            empty;
    }
    inlet
    {
        type            calculated;
        value           uniform 1.8491995123e-05;
    }
    outlet
    {
        type            calculated;
        value           nonuniform List<scalar> 
70
(
1.84919951231e-05
1.8491995123e-05
1.84919951231e-05
1.8491995123e-05
1.84919951231e-05
1.8491995123e-05
1.8491995123e-05
1.8491995123e-05
1.8491995123e-05
1.8491995123e-05
1.8491995123e-05
1.8491995123e-05
1.84919951231e-05
1.84919951231e-05
1.84919951231e-05
1.8491995123e-05
1.8491995123e-05
1.8491995123e-05
1.8491995123e-05
1.8491995123e-05
1.8491995123e-05
1.8491995123e-05
1.8491995123e-05
1.8491995123e-05
1.8491995123e-05
1.8491995123e-05
1.84919951231e-05
1.8491995123e-05
1.8491995123e-05
1.8491995123e-05
1.8491995123e-05
1.8491995123e-05
1.8491995123e-05
1.8491995123e-05
1.8491995123e-05
1.8491995123e-05
1.8491995123e-05
1.8491995123e-05
1.8491995123e-05
1.8491995123e-05
1.8491995123e-05
1.8491995123e-05
1.84919951231e-05
1.84919951231e-05
1.84919951233e-05
1.84919951252e-05
1.84919951405e-05
1.84919952553e-05
1.84919960548e-05
1.84920011919e-05
1.84920314995e-05
1.84921944011e-05
1.84929861133e-05
1.84964316364e-05
1.85096939259e-05
1.85539470856e-05
1.86765591221e-05
1.89377329139e-05
1.9325035324e-05
1.98774090791e-05
1.84919951231e-05
1.8491995123e-05
1.8491995123e-05
1.84919951231e-05
1.8491995123e-05
1.8491995123e-05
1.8491995123e-05
1.8491995123e-05
1.8491995123e-05
1.8491995123e-05
)
;
    }
    obstacle
    {
        type            calculated;
        value           nonuniform List<scalar> 
60
(
5.92608607427e-05
5.92568382331e-05
5.91814170997e-05
5.90651391609e-05
5.8910761173e-05
5.87187270732e-05
5.84894588514e-05
5.82235398532e-05
5.79211135852e-05
5.75831795128e-05
5.72100656491e-05
5.68030845479e-05
5.63620070203e-05
5.58882508868e-05
5.53827440806e-05
5.48465070317e-05
5.42810033041e-05
5.36865391236e-05
5.3065071401e-05
5.24166952492e-05
5.17427817224e-05
5.10458501142e-05
5.03259261785e-05
4.95860093698e-05
4.88254794514e-05
4.80466075797e-05
4.72505167093e-05
4.64401164371e-05
4.56148665004e-05
4.47774552259e-05
4.39295105281e-05
4.30718415031e-05
4.22057122282e-05
4.13327262804e-05
4.04552190672e-05
3.95729651701e-05
3.86893578436e-05
3.78038752698e-05
3.6919600398e-05
3.60353571531e-05
3.51546811746e-05
3.42782624293e-05
3.34060565057e-05
3.25401707915e-05
3.16804027472e-05
3.08283595051e-05
2.99844306501e-05
2.91505534592e-05
2.83244340034e-05
2.75089963475e-05
2.67035719232e-05
2.5907960366e-05
2.51225131875e-05
2.43463414919e-05
2.35795648456e-05
2.2820866601e-05
2.20689479564e-05
2.13225478695e-05
2.05827460901e-05
1.98774090791e-05
)
;
    }
    wedgefront
    {
        type            wedge;
    }
    wedgeback
    {
        type            wedge;
    }
}


// ************************************************************************* //
