/*--------------------------------*- C++ -*----------------------------------*\
| =========                 |                                                 |
| \\      /  F ield         | foam-extend: Open Source CFD                    |
|  \\    /   O peration     | Version:     4.1                                |
|   \\  /    A nd           | Web:         http://www.foam-extend.org         |
|    \\/     M anipulation  |                                                 |
\*---------------------------------------------------------------------------*/
FoamFile
{
    version     2.0;
    format      ascii;
    class       volScalarField;
    location    "5e-05";
    object      p;
}
// * * * * * * * * * * * * * * * * * * * * * * * * * * * * * * * * * * * * * //

dimensions      [1 -1 -2 0 0 0 0];

internalField   nonuniform List<scalar> 
4200
(
4999.99999997
4999.99999997
4999.99999997
4999.99999997
4999.99999997
4999.99999997
4999.99999997
4999.99999997
4999.99999996
4999.99999996
4999.99999996
4999.99999997
4999.99999997
4999.99999997
4999.99999996
4999.99999996
4999.99999996
4999.99999996
4999.99999996
4999.99999996
4999.99999996
4999.99999996
4999.99999996
4999.99999996
4999.99999996
4999.99999996
4999.99999996
4999.99999996
4999.99999996
4999.99999996
4999.99999996
4999.99999996
4999.99999996
4999.99999996
4999.99999996
4999.99999996
4999.99999996
4999.99999996
4999.99999996
4999.99999996
4999.99999996
4999.99999996
4999.99999996
4999.99999996
4999.99999997
5000.00000007
5000.00000106
5000.00001072
5000.00010155
5000.00092912
5000.00826281
5000.07172495
5000.61047176
5005.11780394
5042.35990507
5345.13801271
7576.04394717
18375.1402051
52153.0271052
202843.842124
4999.99999999
4999.99999999
4999.99999999
4999.99999999
4999.99999999
4999.99999999
4999.99999999
4999.99999998
4999.99999998
4999.99999998
4999.99999998
4999.99999998
4999.99999998
4999.99999999
4999.99999998
4999.99999998
4999.99999998
4999.99999998
4999.99999998
4999.99999998
4999.99999998
4999.99999998
4999.99999998
4999.99999998
4999.99999998
4999.99999998
4999.99999998
4999.99999998
4999.99999998
4999.99999998
4999.99999998
4999.99999998
4999.99999998
4999.99999998
4999.99999998
4999.99999998
4999.99999998
4999.99999998
4999.99999998
4999.99999998
4999.99999998
4999.99999998
4999.99999998
4999.99999998
4999.99999999
5000.00000009
5000.00000109
5000.00001077
5000.00010183
5000.00093134
5000.00827964
5000.071852
5000.61141474
5005.12421465
5042.40777798
5345.50946466
7578.82123803
18390.6819778
52228.1240961
203162.417978
4999.99999999
4999.99999999
4999.99999999
4999.99999999
4999.99999999
4999.99999999
4999.99999999
4999.99999999
4999.99999999
4999.99999999
4999.99999999
4999.99999999
4999.99999999
4999.99999999
4999.99999999
4999.99999999
4999.99999999
4999.99999999
4999.99999999
4999.99999999
4999.99999999
4999.99999999
4999.99999999
4999.99999999
4999.99999999
4999.99999999
4999.99999999
4999.99999999
4999.99999999
4999.99999999
4999.99999999
4999.99999999
4999.99999999
4999.99999999
4999.99999999
4999.99999999
4999.99999999
4999.99999999
4999.99999999
4999.99999999
4999.99999999
4999.99999999
4999.99999999
4999.99999999
5000
5000.0000001
5000.0000011
5000.00001083
5000.00010226
5000.00093456
5000.0083026
5000.07198726
5000.61198695
5005.1239827
5042.35993784
5344.69932071
7570.20594321
18343.4723124
52069.5191382
202538.018681
4999.99999999
4999.99999999
4999.99999999
4999.99999999
4999.99999999
4999.99999999
4999.99999999
4999.99999999
4999.99999999
4999.99999999
4999.99999999
4999.99999999
4999.99999999
4999.99999999
4999.99999999
4999.99999999
4999.99999999
4999.99999999
4999.99999999
4999.99999999
4999.99999999
4999.99999999
4999.99999999
4999.99999999
4999.99999999
4999.99999999
4999.99999999
4999.99999999
4999.99999999
4999.99999999
4999.99999999
4999.99999999
4999.99999999
4999.99999999
4999.99999999
4999.99999999
4999.99999999
4999.99999999
4999.99999999
4999.99999999
4999.99999999
4999.99999999
4999.99999999
4999.99999999
5000
5000.0000001
5000.00000111
5000.00001091
5000.0001029
5000.00093947
5000.00833638
5000.07218872
5000.61286362
5005.12345812
5042.28308164
5343.44569113
7556.81971822
18269.3669999
51820.3127948
201546.767278
5000
5000
5000
5000
5000
5000
5000
5000
5000
5000
5000
4999.99999999
4999.99999999
5000
5000
5000
5000
4999.99999999
4999.99999999
5000
4999.99999999
4999.99999999
5000
4999.99999999
5000
5000
4999.99999999
4999.99999999
4999.99999999
4999.99999999
4999.99999999
4999.99999999
4999.99999999
4999.99999999
4999.99999999
4999.99999999
4999.99999999
4999.99999999
4999.99999999
4999.99999999
4999.99999999
4999.99999999
4999.99999999
4999.99999999
5000
5000.00000011
5000.00000113
5000.00001102
5000.00010376
5000.00094605
5000.00838291
5000.07247396
5000.61412936
5005.12316361
5042.18532511
5341.80410295
7539.13354082
18171.9068821
51490.2619745
200232.091154
5000
5000
5000
5000
5000
5000
5000
5000
5000
5000
5000
5000
5000
5000
5000
5000
5000
5000
5000
5000
5000
5000
5000
5000
5000
5000
5000
5000
5000
5000
5000
5000
5000
5000
5000
5000
5000
5000
5000
5000
5000
5000
5000
5000
5000.00000001
5000.00000011
5000.00000114
5000.00001115
5000.00010484
5000.00095444
5000.00844141
5000.07282755
5000.61570095
5005.12294424
5042.06586858
5339.79772333
7517.5387004
18051.9608538
51082.6273701
198601.986666
5000
5000
5000
5000
5000
5000
5000
5000
5000
5000
5000
5000
5000
5000
5000
5000
5000
5000
5000
5000
5000
5000
5000
5000
5000
5000
5000
5000
5000
5000
5000
5000
5000
5000
5000
5000
5000
5000
5000
5000
5000
5000
5000
5000
5000.00000001
5000.00000011
5000.00000116
5000.00001131
5000.00010615
5000.00096456
5000.00851241
5000.0732635
5000.61763003
5005.12328903
5041.92760545
5337.43489992
7492.04367865
17910.1446693
50599.0635839
196664.293136
5000
5000
5000
5000
5000
5000
5000
5000
5000
5000
5000
5000
5000
5000
5000
5000
5000
5000
5000
5000
5000
5000
5000
5000
5000
5000
5000
5000
5000
5000
5000
5000
5000
5000
5000
5000
5000
5000
5000
5000
5000
5000
5000
5000
5000.00000001
5000.00000011
5000.00000118
5000.0000115
5000.00010771
5000.00097653
5000.0085963
5000.07377486
5000.6199394
5005.12422826
5041.769868
5334.72860025
7462.82860412
17747.1186183
50043.3324826
194427.957914
5000
5000
5000
5000
5000
5000
5000
5000
5000
5000
5000
5000
5000
5000
5000
5000
5000
5000
5000
5000
5000
5000
5000
5000
5000
5000
5000
5000
5000
5000
5000
5000
5000
5000
5000
5000
5000
5000
5000
5000
5000
5000
5000
5000
5000.00000001
5000.00000012
5000.00000121
5000.00001172
5000.00010953
5000.00099054
5000.00869455
5000.07436908
5000.62266919
5005.12563887
5041.59710391
5331.72153893
7430.20638808
17564.5896536
49416.9850221
191900.930908
5000
5000
5000
5000
5000
5000
5000
5000
5000
5000
5000
5000
5000
5000
5000
5000
5000
5000
5000
5000
5000
5000
5000
5000
5000
5000
5000
5000
5000
5000
5000
5000
5000
5000
5000
5000
5000
5000
5000
5000
5000
5000
5000
5000
5000.00000001
5000.00000012
5000.00000124
5000.00001197
5000.00011161
5000.00100643
5000.00880608
5000.0750502
5000.62579919
5005.12820167
5041.40811725
5328.4168437
7394.300363
17362.9292075
48724.2164269
189096.576198
5000
5000
5000
5000
5000
5000
5000
5000
5000
5000
5000
5000
5000
5000
5000
5000
5000
5000
5000
5000
5000
5000
5000
5000
5000
5000
5000
5000
5000
5000
5000
5000
5000
5000
5000
5000
5000
5000
5000
5000
5000
5000
5000
5000
5000.00000001
5000.00000012
5000.00000127
5000.00001226
5000.00011397
5000.00102459
5000.008933
5000.0758253
5000.62939471
5005.1316064
5041.20886932
5324.84634194
7355.43606856
17143.7697634
47968.2477013
186025.099823
5000
5000
5000
5000
5000
5000
5000
5000
5000
5000
5000
5000
5000
5000
5000
5000
5000
5000
5000
5000
5000
5000
5000
5000
5000
5000
5000
5000
5000
5000
5000
5000
5000
5000
5000
5000
5000
5000
5000
5000
5000
5000
5000
5000
5000.00000001
5000.00000013
5000.00000131
5000.00001258
5000.00011663
5000.00104496
5000.00907569
5000.07669861
5000.63344801
5005.13622634
5040.9960585
5321.02836815
7313.8457174
16908.3427039
47153.4972634
182703.650248
5000
5000
5000
5000
5000
5000
5000
5000
5000
5000
5000
5000
5000
5000
5000
5000
5000
5000
5000
5000
5000
5000
5000
5000
5000
5000
5000
5000
5000
5000
5000
5000
5000
5000
5000
5000
5000
5000
5000
5000
5000
5000
5000
5000
5000.00000001
5000.00000013
5000.00000135
5000.00001294
5000.00011961
5000.00106774
5000.00923456
5000.07767085
5000.63805732
5005.14283827
5040.7770956
5316.99196392
7269.82751241
16657.9690973
46283.5483906
179139.982609
5000
5000
5000
5000
5000
5000
5000
5000
5000
5000
5000
5000
5000
5000
5000
5000
5000
5000
5000
5000
5000
5000
5000
5000
5000
5000
5000
5000
5000
5000
5000
5000
5000
5000
5000
5000
5000
5000
5000
5000
5000
5000
5000
5000
5000.00000001
5000.00000014
5000.00000139
5000.00001335
5000.00012292
5000.00109304
5000.00941143
5000.07874922
5000.64319095
5005.15054744
5040.54713207
5312.76060363
7223.55641023
16393.9473296
45362.4419733
175352.949154
5000
5000
5000
5000
5000
5000
5000
5000
5000
5000
5000
5000
5000
5000
5000
5000
5000
5000
5000
5000
5000
5000
5000
5000
5000
5000
5000
5000
5000
5000
5000
5000
5000
5000
5000
5000
5000
5000
5000
5000
5000
5000
5000
5000
5000.00000001
5000.00000014
5000.00000145
5000.0000138
5000.00012661
5000.0011211
5000.0096065
5000.07994385
5000.64888485
5005.16046122
5040.31494567
5308.36474651
7175.36671752
16117.8318341
44394.824989
171358.576182
5000
5000
5000
5000
5000
5000
5000
5000
5000
5000
5000
5000
5000
5000
5000
5000
5000
5000
5000
5000
5000
5000
5000
5000
5000
5000
5000
5000
5000
5000
5000
5000
5000
5000
5000
5000
5000
5000
5000
5000
5000
5000
5000
5000
5000.00000001
5000.00000015
5000.0000015
5000.0000143
5000.0001307
5000.00115218
5000.00982248
5000.08126519
5000.65527492
5005.17262157
5040.08287021
5303.83030927
7125.58622902
15831.3439781
43385.6063305
167173.306803
5000
5000
5000
5000
5000
5000
5000
5000
5000
5000
5000
5000
5000
5000
5000
5000
5000
5000
5000
5000
5000
5000
5000
5000
5000
5000
5000
5000
5000
5000
5000
5000
5000
5000
5000
5000
5000
5000
5000
5000
5000
5000
5000
5000
5000.00000001
5000.00000016
5000.00000157
5000.00001485
5000.00013522
5000.00118637
5000.01006021
5000.08271876
5000.66235813
5005.18788966
5039.85197113
5299.22290709
7074.68301209
15536.6064765
42341.2990386
162815.490674
5000
5000
5000
5000
5000
5000
5000
5000
5000
5000
5000
5000
5000
5000
5000
5000
5000
5000
5000
5000
5000
5000
5000
5000
5000
5000
5000
5000
5000
5000
5000
5000
5000
5000
5000
5000
5000
5000
5000
5000
5000
5000
5000
5000
5000.00000001
5000.00000017
5000.00000164
5000.00001546
5000.00014019
5000.00122399
5000.01032002
5000.08431307
5000.67016812
5005.2058073
5039.62531981
5294.52227175
7022.69689257
15233.8794713
41264.2072224
158299.679328
5000
5000
5000
5000
5000
5000
5000
5000
5000
5000
5000
5000
5000
5000
5000
5000
5000
5000
5000
5000
5000
5000
5000
5000
5000
5000
5000
5000
5000
5000
5000
5000
5000
5000
5000
5000
5000
5000
5000
5000
5000
5000
5000
5000
5000.00000002
5000.00000017
5000.00000172
5000.00001614
5000.00014567
5000.00126529
5000.01060529
5000.08604977
5000.67875106
5005.22657998
5039.40336365
5289.7644855
6969.90096286
14925.216568
40160.1244279
153648.23473
5000
5000
5000
5000
5000
5000
5000
5000
5000
5000
5000
5000
5000
5000
5000
5000
5000
5000
5000
5000
5000
5000
5000
5000
5000
5000
5000
5000
5000
5000
5000
5000
5000
5000
5000
5000
5000
5000
5000
5000
5000
5000
5000
5000
5000.00000002
5000.00000018
5000.0000018
5000.00001689
5000.00015169
5000.00131055
5000.01091687
5000.08795829
5000.68817998
5005.25102343
5039.18894453
5284.97144257
6916.55508434
14611.6944605
39032.8442768
148874.379604
5000
5000
5000
5000
5000
5000
5000
5000
5000
5000
5000
5000
5000
5000
5000
5000
5000
5000
5000
5000
5000
5000
5000
5000
5000
5000
5000
5000
5000
5000
5000
5000
5000
5000
5000
5000
5000
5000
5000
5000
5000
5000
5000
5000
5000.00000002
5000.00000019
5000.0000019
5000.00001771
5000.00015831
5000.00136014
5000.01125711
5000.09002828
5000.69851497
5005.2795325
5038.98377459
5280.16257754
6862.88345017
14294.8585847
37886.5781811
143996.753734
5000
5000
5000
5000
5000
5000
5000
5000
5000
5000
5000
5000
5000
5000
5000
5000
5000
5000
5000
5000
5000
5000
5000
5000
5000
5000
5000
5000
5000
5000
5000
5000
5000
5000
5000
5000
5000
5000
5000
5000
5000
5000
5000
5000
5000.00000002
5000.00000021
5000.00000201
5000.00001861
5000.00016558
5000.00141439
5000.01162773
5000.09228957
5000.70977973
5005.31230695
5038.79282771
5275.40244742
6809.295308
13976.4804185
36728.8269795
139039.262473
5000
5000
5000
5000
5000
5000
5000
5000
5000
5000
5000
5000
5000
5000
5000
5000
5000
5000
5000
5000
5000
5000
5000
5000
5000
5000
5000
5000
5000
5000
5000
5000
5000
5000
5000
5000
5000
5000
5000
5000
5000
5000
5000
5000
5000.00000002
5000.00000022
5000.00000212
5000.00001962
5000.00017357
5000.00147377
5000.01203406
5000.09475596
5000.72220378
5005.34927953
5038.61902523
5270.67145262
6755.92452582
13657.5723087
35561.3638304
134013.081621
5000
5000
5000
5000
5000
5000
5000
5000
5000
5000
5000
5000
5000
5000
5000
5000
5000
5000
5000
5000
5000
5000
5000
5000
5000
5000
5000
5000
5000
5000
5000
5000
5000
5000
5000
5000
5000
5000
5000
5000
5000
5000
5000
5000
5000.00000002
5000.00000023
5000.00000225
5000.00002071
5000.00018234
5000.00153879
5000.01247537
5000.09743697
5000.73569032
5005.39187155
5038.46181779
5266.0082355
6702.9599598
13339.8737953
34391.3529933
128945.558486
5000
5000
5000
5000
5000
5000
5000
5000
5000
5000
5000
5000
5000
5000
5000
5000
5000
5000
5000
5000
5000
5000
5000
5000
5000
5000
5000
5000
5000
5000
5000
5000
5000
5000
5000
5000
5000
5000
5000
5000
5000
5000
5000
5000
5000.00000002
5000.00000025
5000.0000024
5000.00002192
5000.00019195
5000.00160966
5000.01295585
5000.100343
5000.75032921
5005.43904449
5038.32330619
5261.41477402
6650.55214821
13023.5210196
33220.1437925
123843.889602
5000
5000
5000
5000
5000
5000
5000
5000
5000
5000
5000
5000
5000
5000
5000
5000
5000
5000
5000
5000
5000
5000
5000
5000
5000
5000
5000
5000
5000
5000
5000
5000
5000
5000
5000
5000
5000
5000
5000
5000
5000
5000
5000
5000
5000.00000002
5000.00000027
5000.00000255
5000.00002326
5000.00020251
5000.00168733
5000.01347964
5000.10349801
5000.76631029
5005.49215876
5038.20558769
5256.90791758
6598.8274103
12709.8744134
32051.3737664
118731.478732
5000
5000
5000
5000
5000
5000
5000
5000
5000
5000
5000
5000
5000
5000
5000
5000
5000
5000
5000
5000
5000
5000
5000
5000
5000
5000
5000
5000
5000
5000
5000
5000
5000
5000
5000
5000
5000
5000
5000
5000
5000
5000
5000
5000
5000.00000003
5000.00000029
5000.00000273
5000.00002473
5000.0002141
5000.00177222
5000.01404906
5000.10692138
5000.7836768
5005.55151729
5038.11147767
5252.51963389
6547.99304672
12400.1128402
30890.7366103
113621.615785
5000
5000
5000
5000
5000
5000
5000
5000
5000
5000
5000
5000
5000
5000
5000
5000
5000
5000
5000
5000
5000
5000
5000
5000
5000
5000
5000
5000
5000
5000
5000
5000
5000
5000
5000
5000
5000
5000
5000
5000
5000
5000
5000
5000
5000.00000003
5000.00000031
5000.00000292
5000.00002636
5000.00022681
5000.00186476
5000.01466942
5000.1106366
5000.80247914
5005.61692961
5038.04301631
5248.25152492
6498.18450313
12095.2742062
29741.1625673
108537.222435
5000
5000
5000
5000
5000
5000
5000
5000
5000
5000
5000
5000
5000
5000
5000
5000
5000
5000
5000
5000
5000
5000
5000
5000
5000
5000
5000
5000
5000
5000
5000
5000
5000
5000
5000
5000
5000
5000
5000
5000
5000
5000
5000
5000
5000.00000003
5000.00000033
5000.00000314
5000.00002815
5000.00024079
5000.00196636
5000.0153444
5000.11466525
5000.82280757
5005.68960389
5037.99971264
5244.12629861
6449.53461062
11795.9306712
28605.4911378
103484.770902
5000
5000
5000
5000
5000
5000
5000
5000
5000
5000
5000
5000
5000
5000
5000
5000
5000
5000
5000
5000
5000
5000
5000
5000
5000
5000
5000
5000
5000
5000
5000
5000
5000
5000
5000
5000
5000
5000
5000
5000
5000
5000
5000
5000
5000.00000004
5000.00000036
5000.00000338
5000.00003012
5000.00025613
5000.00207688
5000.01607696
5000.11901921
5000.84487004
5005.76955387
5037.98766508
5240.12509748
6402.0850563
11502.801064
27486.9578557
98484.5932235
5000
5000
5000
5000
5000
5000
5000
5000
5000
5000
5000
5000
5000
5000
5000
5000
5000
5000
5000
5000
5000
5000
5000
5000
5000
5000
5000
5000
5000
5000
5000
5000
5000
5000
5000
5000
5000
5000
5000
5000
5000
5000
5000
5000
5000.00000004
5000.00000039
5000.00000364
5000.0000323
5000.00027296
5000.00219778
5000.01687368
5000.12373586
5000.86866071
5005.85642391
5038.00152215
5236.26935236
6355.8061648
11216.2295979
26388.1523871
93550.8678459
5000
5000
5000
5000
5000
5000
5000
5000
5000
5000
5000
5000
5000
5000
5000
5000
5000
5000
5000
5000
5000
5000
5000
5000
5000
5000
5000
5000
5000
5000
5000
5000
5000
5000
5000
5000
5000
5000
5000
5000
5000
5000
5000
5000
5000.00000004
5000.00000042
5000.00000393
5000.0000347
5000.00029144
5000.00232975
5000.01773991
5000.12882984
5000.8943077
5005.95124045
5038.04310482
5232.56800004
6310.89130922
10936.7338647
25310.9880922
88693.8643836
5000
5000
5000
5000
5000
5000
5000
5000
5000
5000
5000
5000
5000
5000
5000
5000
5000
5000
5000
5000
5000
5000
5000
5000
5000
5000
5000
5000
5000
5000
5000
5000
5000
5000
5000
5000
5000
5000
5000
5000
5000
5000
5000
5000
5000.00000005
5000.00000046
5000.00000425
5000.00003735
5000.00031174
5000.00247418
5000.01867936
5000.13432298
5000.92188469
5006.05453506
5038.11880285
5229.00786466
6267.28957671
10664.7175807
24257.7609087
83925.3204695
5000
5000
5000
5000
5000
5000
5000
5000
5000
5000
5000
5000
5000
5000
5000
5000
5000
5000
5000
5000
5000
5000
5000
5000
5000
5000
5000
5000
5000
5000
5000
5000
5000
5000
5000
5000
5000
5000
5000
5000
5000
5000
5000
5000
5000.00000005
5000.0000005
5000.00000461
5000.00004026
5000.00033398
5000.00263133
5000.01969844
5000.14025917
5000.95156531
5006.1658979
5038.2211904
5225.59983293
6224.96777483
10400.4983874
23230.0006981
79256.3320205
5000
5000
5000
5000
5000
5000
5000
5000
5000
5000
5000
5000
5000
5000
5000
5000
5000
5000
5000
5000
5000
5000
5000
5000
5000
5000
5000
5000
5000
5000
5000
5000
5000
5000
5000
5000
5000
5000
5000
5000
5000
5000
5000
5000.00000001
5000.00000006
5000.00000055
5000.00000501
5000.00004348
5000.00035839
5000.00280281
5000.02080399
5000.14665204
5000.98335257
5006.28539878
5038.35527184
5222.33143018
6183.95888803
10144.2723896
22229.559129
74699.7778987
5000
5000
5000
5000
5000
5000
5000
5000
5000
5000
5000
5000
5000
5000
5000
5000
5000
5000
5000
5000
5000
5000
5000
5000
5000
5000
5000
5000
5000
5000
5000
5000
5000
5000
5000
5000
5000
5000
5000
5000
5000
5000
5000
5000.00000001
5000.00000006
5000.0000006
5000.00000545
5000.00004703
5000.00038515
5000.00298997
5000.0220017
5000.15352405
5001.01741528
5006.41418684
5038.51798553
5219.1956857
6144.25765931
9896.09130058
21257.37393
70259.2899061
5000
5000
5000
5000
5000
5000
5000
5000
5000
5000
5000
5000
5000
5000
5000
5000
5000
5000
5000
5000
5000
5000
5000
5000
5000
5000
5000
5000
5000
5000
5000
5000
5000
5000
5000
5000
5000
5000
5000
5000
5000
5000
5000
5000.00000001
5000.00000007
5000.00000066
5000.00000593
5000.00005094
5000.00041446
5000.00319377
5000.02329696
5000.16092846
5001.05377999
5006.55154537
5038.70727945
5216.19461042
6105.85361972
9656.1793572
20314.9949123
65948.8863652
5000
5000
5000
5000
5000
5000
5000
5000
5000
5000
5000
5000
5000
5000
5000
5000
5000
5000
5000
5000
5000
5000
5000
5000
5000
5000
5000
5000
5000
5000
5000
5000
5000
5000
5000
5000
5000
5000
5000
5000
5000
5000
5000
5000.00000001
5000.00000008
5000.00000072
5000.00000647
5000.00005524
5000.00044654
5000.00341542
5000.0246959
5000.1688631
5001.09257646
5006.69757243
5038.92677654
5213.31435452
6068.61254328
9424.14721048
19402.1643536
61769.8667771
5000
5000
5000
5000
5000
5000
5000
5000
5000
5000
5000
5000
5000
5000
5000
5000
5000
5000
5000
5000
5000
5000
5000
5000
5000
5000
5000
5000
5000
5000
5000
5000
5000
5000
5000
5000
5000
5000
5000
5000
5000
5000
5000
5000.00000001
5000.00000008
5000.00000079
5000.00000706
5000.00005998
5000.0004817
5000.00365606
5000.02620624
5000.17735276
5001.13370016
5006.85193481
5039.16426745
5210.51825129
6032.48683323
9199.96613729
18520.1600086
57732.9729468
5000
5000
5000
5000
5000
5000
5000
5000
5000
5000
5000
5000
5000
5000
5000
5000
5000
5000
5000
5000
5000
5000
5000
5000
5000
5000
5000
5000
5000
5000
5000
5000
5000
5000
5000
5000
5000
5000
5000
5000
5000
5000
5000
5000.00000001
5000.00000009
5000.00000087
5000.00000772
5000.00006517
5000.00052002
5000.00391689
5000.02783345
5000.18641856
5001.17731633
5007.01425716
5039.42502118
5207.8059974
5997.38748364
8983.56671762
17668.4567276
53836.7263326
5000
5000
5000
5000
5000
5000
5000
5000
5000
5000
5000
5000
5000
5000
5000
5000
5000
5000
5000
5000
5000
5000
5000
5000
5000
5000
5000
5000
5000
5000
5000
5000
5000
5000
5000
5000
5000
5000
5000
5000
5000
5000
5000
5000.00000001
5000.0000001
5000.00000095
5000.00000844
5000.00007087
5000.00056179
5000.00419983
5000.0295782
5000.19607507
5001.22324923
5007.18411081
5039.70062354
5205.15288634
5963.24335614
8774.61162055
16847.6023067
50090.3480829
5000
5000
5000
5000
5000
5000
5000
5000
5000
5000
5000
5000
5000
5000
5000
5000
5000
5000
5000
5000
5000
5000
5000
5000
5000
5000
5000
5000
5000
5000
5000
5000
5000
5000
5000
5000
5000
5000
5000
5000
5000
5000
5000
5000.00000001
5000.00000011
5000.00000105
5000.00000924
5000.00007709
5000.00060717
5000.00450482
5000.03144645
5000.20631256
5001.27149208
5007.3603761
5039.98475016
5202.52803254
5929.90059748
8572.87702872
16057.5622652
46495.6006875
5000
5000
5000
5000
5000
5000
5000
5000
5000
5000
5000
5000
5000
5000
5000
5000
5000
5000
5000
5000
5000
5000
5000
5000
5000
5000
5000
5000
5000
5000
5000
5000
5000
5000
5000
5000
5000
5000
5000
5000
5000
5000
5000
5000.00000001
5000.00000012
5000.00000115
5000.00001011
5000.00008388
5000.00065628
5000.00483283
5000.03343913
5000.21712895
5001.32184022
5007.54147759
5040.26976241
5199.88412973
5897.20913906
8377.70455735
15296.9234206
43052.2526339
5000
5000
5000
5000
5000
5000
5000
5000
5000
5000
5000
5000
5000
5000
5000
5000
5000
5000
5000
5000
5000
5000
5000
5000
5000
5000
5000
5000
5000
5000
5000
5000
5000
5000
5000
5000
5000
5000
5000
5000
5000
5000
5000
5000.00000001
5000.00000014
5000.00000126
5000.00001106
5000.00009125
5000.00070928
5000.00518425
5000.0355534
5000.22848035
5001.3740337
5007.72583083
5040.54669359
5197.1893098
5865.03613494
8188.8240401
14565.8455138
39763.4838203
5000
5000
5000
5000
5000
5000
5000
5000
5000
5000
5000
5000
5000
5000
5000
5000
5000
5000
5000
5000
5000
5000
5000
5000
5000
5000
5000
5000
5000
5000
5000
5000
5000
5000
5000
5000
5000
5000
5000
5000
5000
5000
5000
5000.00000002
5000.00000015
5000.00000139
5000.00001209
5000.00009921
5000.00076627
5000.00555783
5000.03778656
5000.24030904
5001.42759522
5007.91069729
5040.80280246
5194.39568603
5833.20968933
8005.79508248
13863.0969533
36627.6639801
5000
5000
5000
5000
5000
5000
5000
5000
5000
5000
5000
5000
5000
5000
5000
5000
5000
5000
5000
5000
5000
5000
5000
5000
5000
5000
5000
5000
5000
5000
5000
5000
5000
5000
5000
5000
5000
5000
5000
5000
5000
5000
5000
5000.00000002
5000.00000017
5000.00000153
5000.00001321
5000.00010779
5000.00082706
5000.00595401
5000.04012147
5000.25254752
5001.48200234
5008.09329026
5041.02254145
5191.43632608
5801.52337633
7827.82166614
13187.9280252
33645.7213393
5000
5000
5000
5000
5000
5000
5000
5000
5000
5000
5000
5000
5000
5000
5000
5000
5000
5000
5000
5000
5000
5000
5000
5000
5000
5000
5000
5000
5000
5000
5000
5000
5000
5000
5000
5000
5000
5000
5000
5000
5000
5000
5000
5000.00000002
5000.00000018
5000.00000167
5000.00001441
5000.00011694
5000.00089147
5000.00637016
5000.04255089
5000.26508261
5001.5366505
5008.27007814
5041.19000519
5188.25851186
5769.7629121
7654.55517268
12539.3599844
30816.0828484
5000
5000
5000
5000
5000
5000
5000
5000
5000
5000
5000
5000
5000
5000
5000
5000
5000
5000
5000
5000
5000
5000
5000
5000
5000
5000
5000
5000
5000
5000
5000
5000
5000
5000
5000
5000
5000
5000
5000
5000
5000
5000
5000
5000.00000002
5000.0000002
5000.00000183
5000.00001569
5000.00012662
5000.00095914
5000.00680208
5000.04504506
5000.27774068
5001.59049379
5008.43564934
5041.28452629
5184.77442603
5737.6802835
7485.3463003
11916.3653319
28138.9316811
5000
5000
5000
5000
5000
5000
5000
5000
5000
5000
5000
5000
5000
5000
5000
5000
5000
5000
5000
5000
5000
5000
5000
5000
5000
5000
5000
5000
5000
5000
5000
5000
5000
5000
5000
5000
5000
5000
5000
5000
5000
5000
5000
5000.00000002
5000.00000022
5000.000002
5000.00001705
5000.00013677
5000.00102931
5000.00724605
5000.04756775
5000.29030291
5001.6422226
5008.58404284
5041.27551552
5180.89779255
5705.02156693
7319.50026532
11317.3844744
25608.3442632
5000
5000
5000
5000
5000
5000
5000
5000
5000
5000
5000
5000
5000
5000
5000
5000
5000
5000
5000
5000
5000
5000
5000
5000
5000
5000
5000
5000
5000
5000
5000
5000
5000
5000
5000
5000
5000
5000
5000
5000
5000
5000
5000
5000.00000002
5000.00000024
5000.00000217
5000.00001845
5000.00014724
5000.00110105
5000.00769321
5000.05006719
5000.30246296
5001.69036744
5008.70764562
5041.14092982
5176.53673258
5671.55773045
7156.28461393
10741.3542596
23224.7925378
5000
5000
5000
5000
5000
5000
5000
5000
5000
5000
5000
5000
5000
5000
5000
5000
5000
5000
5000
5000
5000
5000
5000
5000
5000
5000
5000
5000
5000
5000
5000
5000
5000
5000
5000
5000
5000
5000
5000
5000
5000
5000
5000
5000.00000003
5000.00000026
5000.00000235
5000.00001989
5000.00015783
5000.0011728
5000.00813426
5000.05248407
5000.31385229
5001.7327938
5008.79741834
5040.8386959
5171.568776
5636.90954191
6995.03831726
10186.9687944
20984.2361647
5000
5000
5000
5000
5000
5000
5000
5000
5000
5000
5000
5000
5000
5000
5000
5000
5000
5000
5000
5000
5000
5000
5000
5000
5000
5000
5000
5000
5000
5000
5000
5000
5000
5000
5000
5000
5000
5000
5000
5000
5000
5000
5000
5000.00000003
5000.00000028
5000.00000254
5000.00002132
5000.00016826
5000.00124246
5000.00855488
5000.05472603
5000.32395319
5001.76717201
5008.84168414
5040.32712529
5165.8512146
5600.77137884
6834.90974846
9652.92987465
18882.922868
5000
5000
5000
5000
5000
5000
5000
5000
5000
5000
5000
5000
5000
5000
5000
5000
5000
5000
5000
5000
5000
5000
5000
5000
5000
5000
5000
5000
5000
5000
5000
5000
5000
5000
5000
5000
5000
5000
5000
5000
5000
5000
5000
5000.00000003
5000.0000003
5000.00000271
5000.0000227
5000.00017816
5000.0013073
5000.00893577
5000.05667338
5000.33211616
5001.79000945
5008.82669873
5039.55409609
5159.23822163
5562.72963615
6675.18687861
9137.51452701
16917.840082
5000
5000
5000
5000
5000
5000
5000
5000
5000
5000
5000
5000
5000
5000
5000
5000
5000
5000
5000
5000
5000
5000
5000
5000
5000
5000
5000
5000
5000
5000
5000
5000
5000
5000
5000
5000
5000
5000
5000
5000
5000
5000
5000
5000.00000003
5000.00000032
5000.00000288
5000.00002395
5000.00018696
5000.00136334
5000.00925156
5000.05818004
5000.33754548
5001.79746472
5008.73560391
5038.45851407
5151.55107666
5522.36401291
6514.81492038
8639.22913725
15084.4060258
5000
5000
5000
5000
5000
5000
5000
5000
5000
5000
5000
5000
5000
5000
5000
5000
5000
5000
5000
5000
5000
5000
5000
5000
5000
5000
5000
5000
5000
5000
5000
5000
5000
5000
5000
5000
5000
5000
5000
5000
5000
5000
5000
5000.00000004
5000.00000034
5000.00000301
5000.00002498
5000.00019395
5000.0014054
5000.00946916
5000.05904888
5000.33915376
5001.7845691
5008.54785014
5036.97166672
5142.58981085
5479.29912196
6353.10617741
8156.8879854
13379.3254866
5000
5000
5000
5000
5000
5000
5000
5000
5000
5000
5000
5000
5000
5000
5000
5000
5000
5000
5000
5000
5000
5000
5000
5000
5000
5000
5000
5000
5000
5000
5000
5000
5000
5000
5000
5000
5000
5000
5000
5000
5000
5000
5000
5000.00000004
5000.00000035
5000.00000311
5000.00002566
5000.00019815
5000.00142734
5000.00954758
5000.05903604
5000.33571809
5001.74538442
5008.23971577
5035.01027468
5132.12260302
5432.97319971
6189.15981397
7688.96320309
11797.9864552
5000
5000
5000
5000
5000
5000
5000
5000
5000
5000
5000
5000
5000
5000
5000
5000
5000
5000
5000
5000
5000
5000
5000
5000
5000
5000
5000
5000
5000
5000
5000
5000
5000
5000
5000
5000
5000
5000
5000
5000
5000
5000
5000
5000.00000004
5000.00000036
5000.00000314
5000.00002582
5000.00019837
5000.00142
5000.00943147
5000.05783529
5000.32563396
5001.67280743
5007.78239701
5032.47780156
5119.90987209
5382.89728355
6021.91697855
7233.99015433
10336.234704
5000
5000
5000
5000
5000
5000
5000
5000
5000
5000
5000
5000
5000
5000
5000
5000
5000
5000
5000
5000
5000
5000
5000
5000
5000
5000
5000
5000
5000
5000
5000
5000
5000
5000
5000
5000
5000
5000
5000
5000
5000
5000
5000
5000.00000004
5000.00000035
5000.00000309
5000.00002525
5000.00019296
5000.00137302
5000.00905503
5000.05506897
5000.30696818
5001.55806097
5007.14192669
5029.26601129
5105.66187098
5328.53437338
5850.71900549
6791.21577253
8990.69760732
5000
5000
5000
5000
5000
5000
5000
5000
5000
5000
5000
5000
5000
5000
5000
5000
5000
5000
5000
5000
5000
5000
5000
5000
5000
5000
5000
5000
5000
5000
5000
5000
5000
5000
5000
5000
5000
5000
5000
5000
5000
5000
5000
5000.00000004
5000.00000034
5000.00000291
5000.00002372
5000.00018036
5000.00127566
5000.00835394
5000.05037645
5000.27802115
5001.39395652
5006.29481505
5025.31976721
5089.30481928
5269.95183434
5676.25311607
6362.83421569
7763.60284144
5000
5000
5000
5000
5000
5000
5000
5000
5000
5000
5000
5000
5000
5000
5000
5000
5000
5000
5000
5000
5000
5000
5000
5000
5000
5000
5000
5000
5000
5000
5000
5000
5000
5000
5000
5000
5000
5000
5000
5000
5000
5000
5000
5000.00000003
5000.00000031
5000.00000268
5000.00002167
5000.00016383
5000.00115108
5000.00747925
5000.04469588
5000.24400328
5001.20752788
5005.36554213
5021.14904498
5072.74655369
5213.07644918
5513.11295044
5976.47639795
6700.35174359
4999.99999999
4999.99999998
4999.99999997
4999.99999997
4999.99999997
4999.99999997
4999.99999997
4999.99999997
4999.99999997
4999.99999997
4999.99999999
4999.99999999
4999.99999999
4999.99999999
4999.99999999
4999.99999999
4999.99999999
4999.99999999
4999.99999999
4999.99999999
5000
5000
4999.99999999
4999.99999999
4999.99999999
4999.99999999
4999.99999999
4999.99999999
4999.99999999
4999.99999999
5000
5000
5000
5000
5000
5000
5000
4999.99999999
4999.99999999
4999.99999999
5000
5000
5000
5000
5000
5000
5000
4999.99999999
4999.99999999
5000
5000
5000
5000
5000
5000
5000
5000
5000
5000
5000
5000
5000
5000
5000
5000
5000
5000
5000
5000
5000
5000
5000
5000
5000
5000
5000
5000
5000
5000
5000
5000
5000
5000
5000
5000
5000
5000
5000
5000
5000
5000
5000
5000
5000
5000
5000
5000
5000
5000
5000
5000
5000
5000
5000
5000
5000
5000
5000
5000
5000
5000
5000
5000
5000
5000
5000
5000
5000
5000
5000
5000
5000
5000
5000
5000
5000
5000
5000
5000
5000
5000
5000
5000
5000
5000
5000
5000
5000
5000
5000
5000
5000
5000
5000
5000
5000
5000
5000
5000
5000
5000
5000
5000
5000
5000
5000
5000
5000
5000
5000
5000
5000
5000
5000
5000
5000
5000
5000
5000
5000
5000
5000
5000
5000
5000
5000
5000
5000
5000
5000
5000
5000
5000
5000
5000
5000
5000
5000
5000
5000
5000
5000
5000
5000
5000
5000
5000
5000
5000
5000
5000
5000
5000
5000
5000
5000
5000
5000
5000
5000
5000
5000
5000
5000
5000
5000
5000
5000
5000
5000
5000
5000
5000
5000
5000
5000
5000
5000
5000
5000
5000
5000
5000
5000
5000
5000
5000
5000
5000
5000
5000
5000
5000
5000
5000
5000
5000
5000
5000
5000
5000
5000
5000
5000
5000
5000
5000
5000
5000
5000
5000
5000
5000
5000
5000
5000
5000
5000
5000
5000
5000
5000
5000
5000
5000
5000
5000
5000
5000
5000
5000
5000
5000
5000
5000
5000
5000
5000
5000
5000
5000
5000
5000
5000
5000
5000
5000
5000
5000
5000
5000
5000
5000
5000
5000
5000
5000
5000
5000
5000
5000
5000
5000
5000
5000
5000
5000
5000
5000
5000
5000
5000
5000
5000
5000
5000
5000
5000
5000
5000
5000
5000
5000
5000
5000
5000
5000
5000
5000
5000
5000
5000
5000
5000
5000
5000
5000
5000
5000
5000
5000
5000
5000
5000
5000
5000
5000
5000
5000
5000
5000
5000
5000
5000
5000
5000
5000
5000
5000
5000
5000
5000
5000
5000
5000
5000
5000
5000
5000
5000
5000
5000
5000
5000
5000
5000
5000
5000
5000
5000
5000
5000
5000
5000
5000
5000
5000
5000
5000
5000
5000
5000
5000
5000
5000
5000
5000
5000
5000
5000
5000
5000
5000
5000
5000
5000
5000
5000
5000
5000
5000
5000
5000
5000
5000
5000
5000
5000
5000
5000
5000
5000
5000
5000
5000
5000
5000
5000
5000
5000
5000
5000
5000
5000
5000
5000
5000
5000
5000
5000
5000
5000
5000
5000
5000
5000
5000
5000
5000
5000
5000
5000
5000
5000
5000
5000
5000
5000
5000
5000
5000
5000
5000
5000
5000
5000
5000
5000
5000
5000
5000
5000
5000
5000
5000
5000
5000
5000
5000
5000
5000
5000
5000
5000
5000
5000
5000
5000
5000
5000
5000
5000
5000
5000
5000
5000
5000
5000
5000
5000
5000
5000
5000
5000
5000
5000
5000
5000
5000
5000
5000
5000
5000
5000
5000
5000
5000
5000
5000
5000
5000
5000
5000
5000
5000
5000
5000
5000
5000
5000
5000
5000
5000
5000
5000
5000
5000
5000
5000
5000
5000
5000
5000
5000
5000
5000
5000
5000
5000
5000
5000
5000
5000
5000
5000
5000
5000
5000
5000
5000
5000
5000
5000
5000
5000
5000
5000
5000
5000
5000
5000
5000
5000
5000
5000
5000
5000
5000
5000
5000
5000
5000
5000
5000
5000
5000
5000
5000
5000
5000
)
;

boundaryField
{
    bottom
    {
        type            empty;
    }
    inlet
    {
        type            fixedValue;
        value           uniform 5000;
    }
    outlet
    {
        type            zeroGradient;
    }
    obstacle
    {
        type            zeroGradient;
    }
    wedgefront
    {
        type            wedge;
    }
    wedgeback
    {
        type            wedge;
    }
}


// ************************************************************************* //
