/*--------------------------------*- C++ -*----------------------------------*\
| =========                 |                                                 |
| \\      /  F ield         | foam-extend: Open Source CFD                    |
|  \\    /   O peration     | Version:     4.1                                |
|   \\  /    A nd           | Web:         http://www.foam-extend.org         |
|    \\/     M anipulation  |                                                 |
\*---------------------------------------------------------------------------*/
FoamFile
{
    version     2.0;
    format      ascii;
    class       volScalarField;
    location    "5e-05";
    object      rho;
}
// * * * * * * * * * * * * * * * * * * * * * * * * * * * * * * * * * * * * * //

dimensions      [1 -3 0 0 0 0 0];

internalField   nonuniform List<scalar> 
4200
(
0.0638471754007
0.0638471754007
0.0638471754007
0.0638471754007
0.0638471754007
0.0638471754006
0.0638471754006
0.0638471754006
0.0638471754006
0.0638471754006
0.0638471754006
0.0638471754006
0.0638471754006
0.0638471754006
0.0638471754006
0.0638471754006
0.0638471754006
0.0638471754006
0.0638471754006
0.0638471754006
0.0638471754006
0.0638471754006
0.0638471754006
0.0638471754006
0.0638471754006
0.0638471754006
0.0638471754006
0.0638471754006
0.0638471754006
0.0638471754006
0.0638471754006
0.0638471754006
0.0638471754006
0.0638471754006
0.0638471754006
0.0638471754006
0.0638471754006
0.0638471754006
0.0638471754006
0.0638471754006
0.0638471754006
0.0638471754006
0.0638471754006
0.0638471754006
0.0638471754007
0.0638471754016
0.0638471754106
0.0638471754987
0.0638471763264
0.0638471838585
0.0638472504042
0.0638478221191
0.0638525911888
0.0638907936807
0.0641737298405
0.0659323311887
0.0739565992209
0.0997046186311
0.16958610913
0.434901390496
0.0638471754008
0.0638471754008
0.0638471754008
0.0638471754008
0.0638471754008
0.0638471754008
0.0638471754008
0.0638471754008
0.0638471754008
0.0638471754008
0.0638471754008
0.0638471754008
0.0638471754008
0.0638471754008
0.0638471754008
0.0638471754008
0.0638471754008
0.0638471754008
0.0638471754008
0.0638471754008
0.0638471754008
0.0638471754008
0.0638471754008
0.0638471754008
0.0638471754008
0.0638471754008
0.0638471754008
0.0638471754008
0.0638471754008
0.0638471754008
0.0638471754008
0.0638471754008
0.0638471754008
0.0638471754008
0.0638471754008
0.0638471754008
0.0638471754008
0.0638471754008
0.0638471754008
0.0638471754008
0.0638471754008
0.0638471754008
0.0638471754008
0.0638471754008
0.0638471754009
0.0638471754018
0.0638471754109
0.0638471754992
0.063847176329
0.0638471838784
0.0638472505585
0.0638478232659
0.0638525994366
0.0638908509529
0.0641741204684
0.0659348796908
0.0739712726104
0.0997722193906
0.169830598937
0.43563310685
0.0638471754009
0.0638471754009
0.0638471754009
0.0638471754009
0.0638471754009
0.0638471754009
0.0638471754009
0.0638471754009
0.0638471754009
0.0638471754009
0.0638471754009
0.0638471754009
0.0638471754009
0.0638471754009
0.0638471754009
0.0638471754009
0.0638471754009
0.0638471754009
0.0638471754009
0.0638471754009
0.0638471754009
0.0638471754009
0.0638471754009
0.0638471754009
0.0638471754009
0.0638471754009
0.0638471754009
0.0638471754009
0.0638471754009
0.0638471754009
0.0638471754009
0.0638471754009
0.0638471754009
0.0638471754009
0.0638471754009
0.0638471754009
0.0638471754009
0.0638471754009
0.0638471754009
0.0638471754009
0.0638471754009
0.0638471754009
0.0638471754009
0.0638471754009
0.063847175401
0.0638471754019
0.063847175411
0.0638471754997
0.0638471763329
0.063847183908
0.063847250765
0.0638478245212
0.0638526051285
0.0638908569175
0.0641738887539
0.0659322083753
0.0739565585034
0.0997230470579
0.169703837954
0.435276686877
0.0638471754009
0.0638471754009
0.0638471754009
0.0638471754009
0.0638471754009
0.0638471754009
0.0638471754009
0.0638471754009
0.0638471754009
0.0638471754009
0.0638471754009
0.0638471754009
0.0638471754009
0.0638471754009
0.0638471754009
0.0638471754009
0.0638471754009
0.0638471754009
0.0638471754009
0.0638471754009
0.0638471754009
0.0638471754009
0.0638471754009
0.0638471754009
0.0638471754009
0.0638471754009
0.0638471754009
0.0638471754009
0.0638471754009
0.0638471754009
0.0638471754009
0.0638471754009
0.0638471754009
0.0638471754009
0.0638471754009
0.0638471754009
0.0638471754009
0.0638471754009
0.0638471754009
0.0638471754009
0.0638471754009
0.0638471754009
0.0638471754009
0.0638471754009
0.063847175401
0.0638471754019
0.0638471754111
0.0638471755004
0.0638471763387
0.0638471839525
0.0638472510772
0.0638478264175
0.0638526136806
0.0638908639091
0.0641735116023
0.0659279506259
0.0739329830456
0.0996428471545
0.169489784299
0.434660909161
0.0638471754009
0.0638471754009
0.0638471754009
0.0638471754009
0.0638471754009
0.0638471754009
0.0638471754009
0.0638471754009
0.0638471754009
0.0638471754009
0.0638471754009
0.0638471754009
0.0638471754009
0.0638471754009
0.0638471754009
0.0638471754009
0.0638471754009
0.0638471754009
0.0638471754009
0.0638471754009
0.0638471754009
0.0638471754009
0.0638471754009
0.0638471754009
0.0638471754009
0.0638471754009
0.0638471754009
0.0638471754009
0.0638471754009
0.0638471754009
0.0638471754009
0.0638471754009
0.0638471754009
0.0638471754009
0.0638471754009
0.0638471754009
0.0638471754009
0.0638471754009
0.0638471754009
0.0638471754009
0.0638471754009
0.0638471754009
0.0638471754009
0.0638471754009
0.063847175401
0.0638471754019
0.0638471754112
0.0638471755014
0.0638471763465
0.0638471840127
0.063847251499
0.0638478289683
0.0638526252269
0.0638908747871
0.0641730241166
0.0659223723424
0.0739019435962
0.0995368039749
0.169205076304
0.433834769317
0.0638471754009
0.0638471754009
0.0638471754009
0.0638471754009
0.0638471754009
0.0638471754009
0.0638471754009
0.0638471754009
0.0638471754009
0.0638471754009
0.0638471754009
0.0638471754009
0.0638471754009
0.0638471754009
0.0638471754009
0.0638471754009
0.0638471754009
0.0638471754009
0.0638471754009
0.0638471754009
0.0638471754009
0.0638471754009
0.0638471754009
0.0638471754009
0.0638471754009
0.0638471754009
0.0638471754009
0.0638471754009
0.0638471754009
0.0638471754009
0.0638471754009
0.0638471754009
0.0638471754009
0.0638471754009
0.0638471754009
0.0638471754009
0.0638471754009
0.0638471754009
0.0638471754009
0.0638471754009
0.0638471754009
0.0638471754009
0.0638471754009
0.0638471754009
0.063847175401
0.063847175402
0.0638471754114
0.0638471755026
0.0638471763564
0.063847184089
0.0638472520328
0.0638478322155
0.0638526401295
0.0638908923609
0.0641724449161
0.0659155716599
0.0738638146458
0.0994058164456
0.168851491858
0.432800784752
0.0638471754009
0.0638471754009
0.0638471754009
0.0638471754009
0.0638471754009
0.0638471754009
0.0638471754009
0.0638471754009
0.0638471754009
0.0638471754009
0.0638471754009
0.0638471754009
0.0638471754009
0.0638471754009
0.0638471754009
0.0638471754009
0.0638471754009
0.0638471754009
0.0638471754009
0.0638471754009
0.0638471754009
0.0638471754009
0.0638471754009
0.0638471754009
0.0638471754009
0.0638471754009
0.0638471754009
0.0638471754009
0.0638471754009
0.0638471754009
0.0638471754009
0.0638471754009
0.0638471754009
0.0638471754009
0.0638471754009
0.0638471754009
0.0638471754009
0.0638471754009
0.0638471754009
0.0638471754009
0.0638471754009
0.0638471754009
0.0638471754009
0.0638471754009
0.063847175401
0.063847175402
0.0638471754115
0.0638471755041
0.0638471763684
0.0638471841813
0.0638472526804
0.063847836161
0.0638526583441
0.0638909159676
0.0641717710044
0.0659075510178
0.0738186333902
0.0992501356801
0.168429544528
0.431558860556
0.0638471754009
0.0638471754009
0.0638471754009
0.0638471754009
0.0638471754009
0.0638471754009
0.0638471754009
0.0638471754009
0.0638471754009
0.0638471754009
0.0638471754009
0.0638471754009
0.0638471754009
0.0638471754009
0.0638471754009
0.0638471754009
0.0638471754009
0.0638471754009
0.0638471754009
0.0638471754009
0.0638471754009
0.0638471754009
0.0638471754009
0.0638471754009
0.0638471754009
0.0638471754009
0.0638471754009
0.0638471754009
0.0638471754009
0.0638471754009
0.0638471754009
0.0638471754009
0.0638471754009
0.0638471754009
0.0638471754009
0.0638471754009
0.0638471754009
0.0638471754009
0.0638471754009
0.0638471754009
0.0638471754009
0.0638471754009
0.0638471754009
0.0638471754009
0.063847175401
0.063847175402
0.0638471754117
0.0638471755058
0.0638471763826
0.0638471842906
0.0638472534466
0.0638478408415
0.0638526801366
0.0638909473689
0.0641710151626
0.0658983933789
0.0737667426761
0.099070479256
0.167940204168
0.430107120043
0.0638471754009
0.0638471754009
0.0638471754009
0.0638471754009
0.0638471754009
0.0638471754009
0.0638471754009
0.0638471754009
0.0638471754009
0.0638471754009
0.0638471754009
0.0638471754009
0.0638471754009
0.0638471754009
0.0638471754009
0.0638471754009
0.0638471754009
0.0638471754009
0.0638471754009
0.0638471754009
0.0638471754009
0.0638471754009
0.0638471754009
0.0638471754009
0.0638471754009
0.0638471754009
0.0638471754009
0.0638471754009
0.0638471754009
0.0638471754009
0.0638471754009
0.0638471754009
0.0638471754009
0.0638471754009
0.0638471754009
0.0638471754009
0.0638471754009
0.0638471754009
0.0638471754009
0.0638471754009
0.0638471754009
0.0638471754009
0.0638471754009
0.0638471754009
0.063847175401
0.063847175402
0.063847175412
0.0638471755078
0.0638471763992
0.0638471844179
0.0638472543389
0.0638478462967
0.0638527057584
0.0638909885817
0.0641701917169
0.0658881782786
0.0737084003329
0.0988673897124
0.16738389072
0.428444855232
0.0638471754009
0.0638471754009
0.0638471754009
0.0638471754009
0.0638471754009
0.0638471754009
0.0638471754009
0.0638471754009
0.0638471754009
0.0638471754009
0.0638471754009
0.0638471754009
0.0638471754009
0.0638471754009
0.0638471754009
0.0638471754009
0.0638471754009
0.0638471754009
0.0638471754009
0.0638471754009
0.0638471754009
0.0638471754009
0.0638471754009
0.0638471754009
0.0638471754009
0.0638471754009
0.0638471754009
0.0638471754009
0.0638471754009
0.0638471754009
0.0638471754009
0.0638471754009
0.0638471754009
0.0638471754009
0.0638471754009
0.0638471754009
0.0638471754009
0.0638471754009
0.0638471754009
0.0638471754009
0.0638471754009
0.0638471754009
0.0638471754009
0.0638471754009
0.063847175401
0.0638471754021
0.0638471754122
0.0638471755101
0.0638471764181
0.0638471845634
0.0638472553581
0.0638478525338
0.063852735237
0.0638910398662
0.0641693034476
0.0658769236324
0.0736437368021
0.098641357091
0.166761750969
0.426571082915
0.0638471754009
0.0638471754009
0.0638471754009
0.0638471754009
0.0638471754009
0.0638471754009
0.0638471754009
0.0638471754009
0.0638471754009
0.0638471754009
0.0638471754009
0.0638471754009
0.0638471754009
0.0638471754009
0.0638471754009
0.0638471754009
0.0638471754009
0.0638471754009
0.0638471754009
0.0638471754009
0.0638471754009
0.0638471754009
0.0638471754009
0.0638471754009
0.0638471754009
0.0638471754009
0.0638471754009
0.0638471754009
0.0638471754009
0.0638471754009
0.0638471754009
0.0638471754009
0.0638471754009
0.0638471754009
0.0638471754009
0.0638471754009
0.0638471754009
0.0638471754009
0.0638471754009
0.0638471754009
0.0638471754009
0.0638471754009
0.0638471754009
0.0638471754009
0.063847175401
0.0638471754021
0.0638471754125
0.0638471755127
0.0638471764397
0.0638471847286
0.0638472565152
0.0638478596221
0.063852768984
0.0638911034517
0.0641683675692
0.0658647442964
0.0735731909117
0.0983933435787
0.166074899387
0.424484322699
0.0638471754009
0.0638471754009
0.0638471754009
0.0638471754009
0.0638471754009
0.0638471754009
0.0638471754009
0.0638471754009
0.0638471754009
0.0638471754009
0.0638471754009
0.0638471754009
0.0638471754009
0.0638471754009
0.0638471754009
0.0638471754009
0.0638471754009
0.0638471754009
0.0638471754009
0.0638471754009
0.0638471754009
0.0638471754009
0.0638471754009
0.0638471754009
0.0638471754009
0.0638471754009
0.0638471754009
0.0638471754009
0.0638471754009
0.0638471754009
0.0638471754009
0.0638471754009
0.0638471754009
0.0638471754009
0.0638471754009
0.0638471754009
0.0638471754009
0.0638471754009
0.0638471754009
0.0638471754009
0.0638471754009
0.0638471754009
0.0638471754009
0.063847175401
0.0638471754011
0.0638471754021
0.0638471754129
0.0638471755156
0.0638471764639
0.0638471849141
0.0638472578109
0.0638478675546
0.0638528069973
0.0638911801657
0.0641673902985
0.065851684673
0.0734969562226
0.0981238452869
0.165324188326
0.422183374341
0.0638471754009
0.0638471754009
0.0638471754009
0.0638471754009
0.0638471754009
0.0638471754009
0.0638471754009
0.0638471754009
0.0638471754009
0.0638471754009
0.0638471754009
0.0638471754009
0.0638471754009
0.0638471754009
0.0638471754009
0.0638471754009
0.0638471754009
0.0638471754009
0.0638471754009
0.0638471754009
0.0638471754009
0.0638471754009
0.0638471754009
0.0638471754009
0.0638471754009
0.0638471754009
0.0638471754009
0.0638471754009
0.0638471754009
0.0638471754009
0.0638471754009
0.0638471754009
0.0638471754009
0.0638471754009
0.0638471754009
0.0638471754009
0.0638471754009
0.0638471754009
0.0638471754009
0.0638471754009
0.0638471754009
0.0638471754009
0.0638471754009
0.063847175401
0.0638471754011
0.0638471754022
0.0638471754133
0.063847175519
0.0638471764911
0.0638471851219
0.0638472592621
0.0638478764583
0.0638528499761
0.0638912733161
0.0641663945376
0.0658378772819
0.0734155291564
0.0978339316926
0.164510727801
0.419666214386
0.0638471754009
0.0638471754009
0.0638471754009
0.0638471754009
0.0638471754009
0.0638471754009
0.0638471754009
0.0638471754009
0.0638471754009
0.0638471754009
0.0638471754009
0.0638471754009
0.0638471754009
0.0638471754009
0.0638471754009
0.0638471754009
0.0638471754009
0.0638471754009
0.0638471754009
0.0638471754009
0.0638471754009
0.0638471754009
0.0638471754009
0.0638471754009
0.0638471754009
0.0638471754009
0.0638471754009
0.0638471754009
0.0638471754009
0.0638471754009
0.0638471754009
0.0638471754009
0.0638471754009
0.0638471754009
0.0638471754009
0.0638471754009
0.0638471754009
0.0638471754009
0.0638471754009
0.0638471754009
0.0638471754009
0.0638471754009
0.0638471754009
0.063847175401
0.0638471754011
0.0638471754022
0.0638471754137
0.0638471755227
0.0638471765213
0.0638471853528
0.0638472608723
0.0638478863274
0.0638528978726
0.0638913835386
0.0641653842985
0.0658233477062
0.0733290393385
0.0975240860654
0.163635587493
0.416932442518
0.0638471754009
0.0638471754009
0.0638471754009
0.0638471754009
0.0638471754009
0.0638471754009
0.0638471754009
0.0638471754009
0.0638471754009
0.0638471754009
0.0638471754009
0.0638471754009
0.0638471754009
0.0638471754009
0.0638471754009
0.0638471754009
0.0638471754009
0.0638471754009
0.0638471754009
0.0638471754009
0.0638471754009
0.0638471754009
0.0638471754009
0.0638471754009
0.0638471754009
0.0638471754009
0.0638471754009
0.0638471754009
0.0638471754009
0.0638471754009
0.0638471754009
0.0638471754009
0.0638471754009
0.0638471754009
0.0638471754009
0.0638471754009
0.0638471754009
0.0638471754009
0.0638471754009
0.0638471754009
0.0638471754009
0.0638471754009
0.0638471754009
0.063847175401
0.0638471754011
0.0638471754023
0.0638471754141
0.0638471755268
0.063847176555
0.0638471856088
0.0638472626536
0.0638478972441
0.0638529511698
0.0638915129821
0.0641643734781
0.065808193639
0.0732379115583
0.0971953745338
0.162700446323
0.413980541121
0.0638471754009
0.0638471754009
0.0638471754009
0.0638471754009
0.0638471754009
0.0638471754009
0.0638471754009
0.0638471754009
0.0638471754009
0.0638471754009
0.0638471754009
0.0638471754009
0.0638471754009
0.0638471754009
0.0638471754009
0.0638471754009
0.0638471754009
0.0638471754009
0.0638471754009
0.0638471754009
0.0638471754009
0.0638471754009
0.0638471754009
0.0638471754009
0.0638471754009
0.0638471754009
0.0638471754009
0.0638471754009
0.0638471754009
0.0638471754009
0.0638471754009
0.0638471754009
0.0638471754009
0.0638471754009
0.0638471754009
0.0638471754009
0.0638471754009
0.0638471754009
0.0638471754009
0.0638471754009
0.0638471754009
0.0638471754009
0.0638471754009
0.063847175401
0.0638471754011
0.0638471754023
0.0638471754147
0.0638471755313
0.0638471765922
0.0638471858915
0.0638472646183
0.0638479092832
0.0638530103208
0.0638916651229
0.0641633881529
0.0657925611399
0.0731426802607
0.0968489698726
0.161706523837
0.410807367792
0.0638471754009
0.0638471754009
0.0638471754009
0.0638471754009
0.0638471754009
0.0638471754009
0.0638471754009
0.0638471754009
0.0638471754009
0.0638471754009
0.0638471754009
0.0638471754009
0.0638471754009
0.0638471754009
0.0638471754009
0.0638471754009
0.0638471754009
0.0638471754009
0.0638471754009
0.0638471754009
0.0638471754009
0.0638471754009
0.0638471754009
0.0638471754009
0.0638471754009
0.0638471754009
0.0638471754009
0.0638471754009
0.0638471754009
0.0638471754009
0.0638471754009
0.0638471754009
0.0638471754009
0.0638471754009
0.0638471754009
0.0638471754009
0.0638471754009
0.0638471754009
0.0638471754009
0.0638471754009
0.0638471754009
0.0638471754009
0.0638471754009
0.063847175401
0.0638471754011
0.0638471754024
0.0638471754153
0.0638471755364
0.0638471766334
0.0638471862037
0.0638472667839
0.0638479225612
0.0638530760605
0.063891844701
0.0641624583783
0.0657766309989
0.073044067705
0.0964866498978
0.160656252967
0.407408435872
0.063847175401
0.0638471754009
0.0638471754009
0.0638471754009
0.0638471754009
0.0638471754009
0.0638471754009
0.0638471754009
0.0638471754009
0.0638471754009
0.0638471754009
0.0638471754009
0.0638471754009
0.0638471754009
0.0638471754009
0.0638471754009
0.0638471754009
0.0638471754009
0.0638471754009
0.0638471754009
0.0638471754009
0.0638471754009
0.0638471754009
0.0638471754009
0.0638471754009
0.0638471754009
0.0638471754009
0.0638471754009
0.0638471754009
0.0638471754009
0.0638471754009
0.0638471754009
0.0638471754009
0.0638471754009
0.0638471754009
0.0638471754009
0.0638471754009
0.0638471754009
0.0638471754009
0.0638471754009
0.0638471754009
0.0638471754009
0.0638471754009
0.063847175401
0.0638471754011
0.0638471754025
0.0638471754159
0.063847175542
0.0638471766787
0.0638471865465
0.0638472691563
0.0638479371
0.0638531484714
0.0638920512539
0.0641615809719
0.0657603769961
0.0729419966622
0.0961082558103
0.159549782083
0.403786145185
0.063847175401
0.063847175401
0.063847175401
0.063847175401
0.063847175401
0.063847175401
0.063847175401
0.063847175401
0.063847175401
0.063847175401
0.063847175401
0.063847175401
0.063847175401
0.063847175401
0.0638471754009
0.0638471754009
0.0638471754009
0.0638471754009
0.0638471754009
0.0638471754009
0.0638471754009
0.0638471754009
0.0638471754009
0.0638471754009
0.0638471754009
0.0638471754009
0.0638471754009
0.0638471754009
0.0638471754009
0.0638471754009
0.0638471754009
0.0638471754009
0.0638471754009
0.0638471754009
0.0638471754009
0.0638471754009
0.0638471754009
0.0638471754009
0.0638471754009
0.0638471754009
0.0638471754009
0.0638471754009
0.0638471754009
0.063847175401
0.0638471754011
0.0638471754025
0.0638471754166
0.0638471755481
0.0638471767287
0.0638471869228
0.0638472717535
0.0638479529911
0.0638532278634
0.0638922858796
0.0641607605997
0.0657438593999
0.0728368284811
0.0957149924857
0.15838939024
0.399938738395
0.063847175401
0.063847175401
0.063847175401
0.063847175401
0.063847175401
0.063847175401
0.0638471754009
0.0638471754009
0.0638471754009
0.063847175401
0.0638471754009
0.063847175401
0.063847175401
0.063847175401
0.063847175401
0.063847175401
0.063847175401
0.063847175401
0.0638471754009
0.0638471754009
0.0638471754009
0.0638471754009
0.0638471754009
0.0638471754009
0.0638471754009
0.0638471754009
0.0638471754009
0.0638471754009
0.0638471754009
0.0638471754009
0.0638471754009
0.0638471754009
0.0638471754009
0.0638471754009
0.0638471754009
0.0638471754009
0.0638471754009
0.0638471754009
0.0638471754009
0.0638471754009
0.0638471754009
0.0638471754009
0.0638471754009
0.063847175401
0.0638471754011
0.0638471754026
0.0638471754174
0.0638471755549
0.0638471767836
0.0638471873354
0.0638472745934
0.0638479703462
0.0638533149543
0.063892553138
0.064160025603
0.0657272112277
0.072728959336
0.0953075629042
0.15717564698
0.395865770439
0.0638471754009
0.0638471754009
0.063847175401
0.063847175401
0.063847175401
0.0638471754009
0.063847175401
0.063847175401
0.063847175401
0.063847175401
0.063847175401
0.063847175401
0.063847175401
0.063847175401
0.063847175401
0.063847175401
0.063847175401
0.063847175401
0.0638471754009
0.0638471754009
0.0638471754009
0.063847175401
0.0638471754009
0.0638471754009
0.0638471754009
0.0638471754009
0.0638471754009
0.0638471754009
0.0638471754009
0.0638471754009
0.0638471754009
0.0638471754009
0.0638471754009
0.0638471754009
0.0638471754009
0.0638471754009
0.0638471754009
0.0638471754009
0.0638471754009
0.0638471754009
0.0638471754009
0.0638471754009
0.0638471754009
0.063847175401
0.0638471754011
0.0638471754027
0.0638471754183
0.0638471755624
0.0638471768439
0.0638471877872
0.0638472776943
0.0638479892676
0.0638534102698
0.0638928553176
0.0641593875553
0.0657105164973
0.0726187792865
0.0948870267559
0.155910202749
0.391565228259
0.063847175401
0.063847175401
0.063847175401
0.063847175401
0.063847175401
0.063847175401
0.063847175401
0.063847175401
0.063847175401
0.063847175401
0.063847175401
0.063847175401
0.063847175401
0.063847175401
0.063847175401
0.063847175401
0.063847175401
0.063847175401
0.063847175401
0.063847175401
0.063847175401
0.063847175401
0.0638471754009
0.0638471754009
0.0638471754009
0.0638471754009
0.0638471754009
0.0638471754009
0.0638471754009
0.0638471754009
0.0638471754009
0.063847175401
0.063847175401
0.063847175401
0.063847175401
0.0638471754009
0.0638471754009
0.0638471754009
0.0638471754009
0.0638471754009
0.0638471754009
0.0638471754009
0.063847175401
0.063847175401
0.0638471754011
0.0638471754028
0.0638471754193
0.0638471755707
0.0638471769102
0.063847188282
0.0638472810783
0.0638480098876
0.0638535145256
0.0638931970713
0.0641588766697
0.0656939374987
0.0725069797099
0.0944552292497
0.154596027238
0.387032986061
0.063847175401
0.063847175401
0.063847175401
0.063847175401
0.063847175401
0.063847175401
0.063847175401
0.063847175401
0.063847175401
0.063847175401
0.063847175401
0.063847175401
0.063847175401
0.063847175401
0.063847175401
0.063847175401
0.063847175401
0.063847175401
0.063847175401
0.063847175401
0.063847175401
0.063847175401
0.063847175401
0.063847175401
0.063847175401
0.063847175401
0.063847175401
0.063847175401
0.063847175401
0.063847175401
0.063847175401
0.063847175401
0.063847175401
0.063847175401
0.063847175401
0.063847175401
0.0638471754009
0.0638471754009
0.0638471754009
0.0638471754009
0.0638471754009
0.0638471754009
0.063847175401
0.063847175401
0.0638471754011
0.063847175403
0.0638471754203
0.0638471755798
0.0638471769831
0.0638471888236
0.0638472847733
0.0638480323561
0.0638536284864
0.0638935812673
0.0641585055968
0.0656775418937
0.0723937976065
0.0940126530259
0.153233525787
0.382269403508
0.063847175401
0.063847175401
0.063847175401
0.063847175401
0.063847175401
0.063847175401
0.063847175401
0.063847175401
0.063847175401
0.063847175401
0.063847175401
0.063847175401
0.063847175401
0.063847175401
0.063847175401
0.063847175401
0.063847175401
0.063847175401
0.063847175401
0.063847175401
0.063847175401
0.063847175401
0.063847175401
0.063847175401
0.063847175401
0.063847175401
0.063847175401
0.063847175401
0.063847175401
0.063847175401
0.063847175401
0.0638471754009
0.0638471754009
0.0638471754009
0.0638471754009
0.0638471754009
0.0638471754009
0.0638471754009
0.063847175401
0.063847175401
0.063847175401
0.0638471754009
0.063847175401
0.063847175401
0.0638471754012
0.0638471754031
0.0638471754215
0.0638471755898
0.063847177063
0.0638471894156
0.0638472887973
0.0638480567731
0.0638537526128
0.0638940106304
0.0641582898846
0.0656614324847
0.072279716902
0.093560762719
0.151825462568
0.377271953003
0.063847175401
0.063847175401
0.063847175401
0.063847175401
0.063847175401
0.063847175401
0.063847175401
0.063847175401
0.063847175401
0.063847175401
0.063847175401
0.063847175401
0.063847175401
0.063847175401
0.063847175401
0.063847175401
0.063847175401
0.063847175401
0.063847175401
0.063847175401
0.063847175401
0.063847175401
0.063847175401
0.063847175401
0.063847175401
0.063847175401
0.063847175401
0.063847175401
0.063847175401
0.063847175401
0.063847175401
0.063847175401
0.063847175401
0.063847175401
0.0638471754009
0.0638471754009
0.0638471754009
0.063847175401
0.063847175401
0.063847175401
0.063847175401
0.063847175401
0.063847175401
0.063847175401
0.0638471754012
0.0638471754032
0.0638471754228
0.0638471756009
0.0638471771507
0.0638471900629
0.0638472931799
0.0638480833022
0.0638538876967
0.0638944878071
0.0641582378029
0.065645620366
0.0721647443694
0.0930994836563
0.150371836241
0.372043398114
0.063847175401
0.063847175401
0.063847175401
0.063847175401
0.063847175401
0.063847175401
0.063847175401
0.063847175401
0.063847175401
0.063847175401
0.063847175401
0.063847175401
0.063847175401
0.063847175401
0.063847175401
0.063847175401
0.063847175401
0.063847175401
0.063847175401
0.063847175401
0.063847175401
0.063847175401
0.063847175401
0.063847175401
0.063847175401
0.063847175401
0.063847175401
0.063847175401
0.063847175401
0.063847175401
0.063847175401
0.063847175401
0.063847175401
0.063847175401
0.063847175401
0.063847175401
0.063847175401
0.063847175401
0.063847175401
0.063847175401
0.063847175401
0.063847175401
0.063847175401
0.063847175401
0.0638471754012
0.0638471754034
0.0638471754243
0.0638471756131
0.063847177247
0.0638471907701
0.0638472979494
0.0638481120756
0.063854034285
0.0638950152709
0.0641583562795
0.0656301475089
0.0720491021894
0.0926296176285
0.148874317526
0.366583585314
0.063847175401
0.063847175401
0.063847175401
0.063847175401
0.063847175401
0.063847175401
0.063847175401
0.063847175401
0.063847175401
0.063847175401
0.063847175401
0.063847175401
0.063847175401
0.063847175401
0.063847175401
0.063847175401
0.063847175401
0.063847175401
0.063847175401
0.063847175401
0.063847175401
0.063847175401
0.063847175401
0.063847175401
0.063847175401
0.063847175401
0.063847175401
0.063847175401
0.063847175401
0.063847175401
0.063847175401
0.063847175401
0.063847175401
0.063847175401
0.063847175401
0.063847175401
0.063847175401
0.063847175401
0.063847175401
0.063847175401
0.063847175401
0.063847175401
0.063847175401
0.063847175401
0.0638471754012
0.0638471754036
0.0638471754259
0.0638471756265
0.0638471773526
0.0638471915434
0.0638473031418
0.0638481433007
0.0638541933672
0.0638955972301
0.0641586710689
0.0656151512375
0.0719333025022
0.0921523346372
0.147334519946
0.360890801359
0.063847175401
0.063847175401
0.063847175401
0.063847175401
0.063847175401
0.063847175401
0.063847175401
0.063847175401
0.063847175401
0.063847175401
0.063847175401
0.063847175401
0.063847175401
0.063847175401
0.063847175401
0.063847175401
0.063847175401
0.063847175401
0.063847175401
0.063847175401
0.063847175401
0.063847175401
0.063847175401
0.063847175401
0.063847175401
0.063847175401
0.063847175401
0.063847175401
0.063847175401
0.063847175401
0.063847175401
0.063847175401
0.063847175401
0.063847175401
0.063847175401
0.063847175401
0.063847175401
0.063847175401
0.063847175401
0.063847175401
0.063847175401
0.063847175401
0.063847175401
0.063847175401
0.0638471754012
0.0638471754038
0.0638471754276
0.0638471756413
0.0638471774686
0.0638471923887
0.0638473087925
0.0638481771447
0.0638543657752
0.0638962377732
0.0641591989928
0.0656007116628
0.0718177593198
0.0916689326675
0.14575485226
0.354963076438
0.063847175401
0.063847175401
0.063847175401
0.063847175401
0.063847175401
0.063847175401
0.063847175401
0.063847175401
0.063847175401
0.063847175401
0.063847175401
0.063847175401
0.063847175401
0.063847175401
0.063847175401
0.063847175401
0.063847175401
0.063847175401
0.063847175401
0.063847175401
0.063847175401
0.063847175401
0.063847175401
0.063847175401
0.063847175401
0.063847175401
0.063847175401
0.063847175401
0.063847175401
0.063847175401
0.063847175401
0.063847175401
0.063847175401
0.063847175401
0.063847175401
0.063847175401
0.063847175401
0.063847175401
0.063847175401
0.063847175401
0.063847175401
0.063847175401
0.063847175401
0.063847175401
0.0638471754013
0.063847175404
0.0638471754296
0.0638471756576
0.063847177596
0.0638471933122
0.0638473149373
0.0638482138324
0.0638545525881
0.0638969412167
0.0641599557918
0.0655868856335
0.0717025853779
0.0911795293897
0.14413534781
0.348802669214
0.063847175401
0.063847175401
0.063847175401
0.063847175401
0.063847175401
0.063847175401
0.063847175401
0.063847175401
0.063847175401
0.063847175401
0.063847175401
0.063847175401
0.063847175401
0.063847175401
0.063847175401
0.063847175401
0.063847175401
0.063847175401
0.063847175401
0.063847175401
0.063847175401
0.063847175401
0.063847175401
0.063847175401
0.063847175401
0.063847175401
0.063847175401
0.063847175401
0.063847175401
0.063847175401
0.063847175401
0.063847175401
0.063847175401
0.063847175401
0.063847175401
0.063847175401
0.063847175401
0.063847175401
0.063847175401
0.063847175401
0.063847175401
0.063847175401
0.063847175401
0.063847175401
0.0638471754013
0.0638471754042
0.0638471754318
0.0638471756756
0.0638471777359
0.0638471943217
0.0638473216226
0.0638482535561
0.0638547545329
0.0638977094411
0.0641609471551
0.0655737069738
0.0715880110157
0.0906849393863
0.142477898396
0.342409838917
0.063847175401
0.063847175401
0.063847175401
0.063847175401
0.063847175401
0.063847175401
0.063847175401
0.063847175401
0.063847175401
0.063847175401
0.063847175401
0.063847175401
0.063847175401
0.063847175401
0.063847175401
0.063847175401
0.063847175401
0.063847175401
0.063847175401
0.063847175401
0.063847175401
0.063847175401
0.063847175401
0.063847175401
0.063847175401
0.063847175401
0.063847175401
0.063847175401
0.063847175401
0.063847175401
0.063847175401
0.063847175401
0.063847175401
0.063847175401
0.063847175401
0.063847175401
0.063847175401
0.063847175401
0.063847175401
0.063847175401
0.063847175401
0.063847175401
0.063847175401
0.063847175401
0.0638471754013
0.0638471754045
0.0638471754342
0.0638471756955
0.0638471778894
0.0638471954237
0.0638473288826
0.0638482964989
0.0638549722833
0.0638985442254
0.0641621681039
0.0655611237686
0.0714738484153
0.0901848650021
0.140782858863
0.335788100456
0.063847175401
0.063847175401
0.063847175401
0.063847175401
0.063847175401
0.063847175401
0.063847175401
0.063847175401
0.063847175401
0.063847175401
0.063847175401
0.063847175401
0.063847175401
0.063847175401
0.063847175401
0.063847175401
0.063847175401
0.063847175401
0.063847175401
0.063847175401
0.063847175401
0.063847175401
0.063847175401
0.063847175401
0.063847175401
0.063847175401
0.063847175401
0.063847175401
0.063847175401
0.063847175401
0.063847175401
0.063847175401
0.063847175401
0.063847175401
0.063847175401
0.063847175401
0.063847175401
0.063847175401
0.063847175401
0.063847175401
0.063847175401
0.063847175401
0.063847175401
0.063847175401
0.0638471754013
0.0638471754048
0.0638471754368
0.0638471757174
0.0638471780579
0.063847196627
0.0638473367672
0.0638483428982
0.0638552068781
0.0638994490123
0.0641636340776
0.0655492016103
0.071360353419
0.089679933629
0.139051263583
0.328938588927
0.063847175401
0.063847175401
0.063847175401
0.063847175401
0.063847175401
0.063847175401
0.063847175401
0.063847175401
0.063847175401
0.063847175401
0.063847175401
0.063847175401
0.063847175401
0.063847175401
0.063847175401
0.063847175401
0.063847175401
0.063847175401
0.063847175401
0.063847175401
0.063847175401
0.063847175401
0.063847175401
0.063847175401
0.063847175401
0.063847175401
0.063847175401
0.063847175401
0.063847175401
0.063847175401
0.063847175401
0.063847175401
0.063847175401
0.063847175401
0.063847175401
0.063847175401
0.063847175401
0.063847175401
0.063847175401
0.063847175401
0.063847175401
0.063847175401
0.063847175401
0.063847175401
0.0638471754014
0.0638471754052
0.0638471754398
0.0638471757415
0.0638471782429
0.0638471979418
0.0638473453336
0.0638483930366
0.0638554594132
0.0639004275574
0.0641653535612
0.0655379588873
0.0712475858854
0.0891703249298
0.137283590922
0.321863554299
0.063847175401
0.063847175401
0.063847175401
0.063847175401
0.063847175401
0.063847175401
0.063847175401
0.063847175401
0.063847175401
0.063847175401
0.063847175401
0.063847175401
0.063847175401
0.063847175401
0.063847175401
0.063847175401
0.063847175401
0.063847175401
0.063847175401
0.063847175401
0.063847175401
0.063847175401
0.063847175401
0.063847175401
0.063847175401
0.063847175401
0.063847175401
0.063847175401
0.063847175401
0.063847175401
0.063847175401
0.063847175401
0.063847175401
0.063847175401
0.063847175401
0.063847175401
0.063847175401
0.063847175401
0.063847175401
0.063847175401
0.063847175401
0.063847175401
0.063847175401
0.063847175401
0.0638471754014
0.0638471754055
0.063847175443
0.0638471757682
0.0638471784459
0.0638471993763
0.0638473546279
0.0638484471334
0.0638557308633
0.0639014825451
0.0641673277954
0.0655273793416
0.0711354940516
0.0886560695306
0.135480511771
0.314565948547
0.063847175401
0.063847175401
0.063847175401
0.063847175401
0.063847175401
0.063847175401
0.063847175401
0.063847175401
0.063847175401
0.063847175401
0.063847175401
0.063847175401
0.063847175401
0.063847175401
0.063847175401
0.063847175401
0.063847175401
0.063847175401
0.063847175401
0.063847175401
0.063847175401
0.063847175401
0.063847175401
0.063847175401
0.063847175401
0.063847175401
0.063847175401
0.063847175401
0.063847175401
0.063847175401
0.063847175401
0.063847175401
0.063847175401
0.063847175401
0.063847175401
0.063847175401
0.063847175401
0.063847175401
0.063847175401
0.063847175401
0.063847175401
0.063847175401
0.063847175401
0.063847175401
0.0638471754015
0.063847175406
0.0638471754466
0.0638471757975
0.0638471786685
0.0638472009407
0.063847364699
0.0638485053958
0.0638560217336
0.0639026141902
0.0641695525595
0.0655174366966
0.0710240348715
0.0881371217969
0.133642552253
0.307049191811
0.063847175401
0.063847175401
0.063847175401
0.063847175401
0.063847175401
0.063847175401
0.063847175401
0.063847175401
0.063847175401
0.063847175401
0.063847175401
0.063847175401
0.063847175401
0.063847175401
0.063847175401
0.063847175401
0.063847175401
0.063847175401
0.063847175401
0.063847175401
0.063847175401
0.063847175401
0.063847175401
0.063847175401
0.063847175401
0.063847175401
0.063847175401
0.063847175401
0.063847175401
0.063847175401
0.063847175401
0.063847175401
0.063847175401
0.063847175401
0.063847175401
0.063847175401
0.063847175401
0.063847175401
0.063847175401
0.063847175401
0.063847175401
0.063847175401
0.063847175401
0.063847175401
0.0638471754015
0.0638471754064
0.0638471754506
0.0638471758299
0.0638471789126
0.0638472026459
0.0638473756124
0.0638485681141
0.0638563330576
0.0639038247795
0.0641720225315
0.0655080670563
0.0709129658961
0.0876130501913
0.131769555207
0.299317972225
0.063847175401
0.063847175401
0.063847175401
0.063847175401
0.063847175401
0.063847175401
0.063847175401
0.063847175401
0.063847175401
0.063847175401
0.063847175401
0.063847175401
0.063847175401
0.063847175401
0.063847175401
0.063847175401
0.063847175401
0.063847175401
0.063847175401
0.063847175401
0.063847175401
0.063847175401
0.063847175401
0.063847175401
0.063847175401
0.063847175401
0.063847175401
0.063847175401
0.063847175401
0.063847175401
0.063847175401
0.063847175401
0.063847175401
0.063847175401
0.063847175401
0.063847175401
0.063847175401
0.063847175401
0.063847175401
0.063847175401
0.063847175401
0.063847175401
0.063847175401
0.063847175401
0.0638471754016
0.0638471754069
0.0638471754551
0.0638471758655
0.06384717918
0.0638472045033
0.06384738742
0.0638486355142
0.0638566655606
0.0639051151978
0.0641747345437
0.0654992515045
0.0708022514818
0.0870838490353
0.129862113333
0.291375651133
0.063847175401
0.063847175401
0.063847175401
0.063847175401
0.063847175401
0.063847175401
0.063847175401
0.063847175401
0.063847175401
0.063847175401
0.063847175401
0.063847175401
0.063847175401
0.063847175401
0.063847175401
0.063847175401
0.063847175401
0.063847175401
0.063847175401
0.063847175401
0.063847175401
0.063847175401
0.063847175401
0.063847175401
0.063847175401
0.063847175401
0.063847175401
0.063847175401
0.063847175401
0.063847175401
0.063847175401
0.063847175401
0.063847175401
0.063847175401
0.063847175401
0.063847175401
0.063847175401
0.063847175401
0.063847175401
0.063847175401
0.063847175401
0.063847175401
0.063847175401
0.063847175401
0.0638471754016
0.0638471754075
0.06384717546
0.0638471759048
0.0638471794728
0.0638472065245
0.0638474001824
0.0638487078464
0.0638570200003
0.0639064851646
0.064177667883
0.065490858619
0.0706914167103
0.0865483998943
0.127919124973
0.283229420237
0.063847175401
0.063847175401
0.063847175401
0.063847175401
0.063847175401
0.063847175401
0.063847175401
0.063847175401
0.063847175401
0.063847175401
0.063847175401
0.063847175401
0.063847175401
0.063847175401
0.063847175401
0.063847175401
0.063847175401
0.063847175401
0.063847175401
0.063847175401
0.063847175401
0.063847175401
0.063847175401
0.063847175401
0.063847175401
0.063847175401
0.063847175401
0.063847175401
0.063847175401
0.063847175401
0.063847175401
0.063847175401
0.063847175401
0.063847175401
0.063847175401
0.063847175401
0.063847175401
0.063847175401
0.063847175401
0.063847175401
0.063847175401
0.063847175401
0.063847175401
0.063847175401
0.0638471754017
0.0638471754081
0.0638471754654
0.0638471759479
0.0638471797931
0.0638472087209
0.0638474139517
0.0638487852762
0.0638573964085
0.0639079320351
0.0641808030529
0.0654827921111
0.0705801448254
0.0860059944696
0.125940327149
0.274885256979
0.063847175401
0.063847175401
0.063847175401
0.063847175401
0.063847175401
0.063847175401
0.063847175401
0.063847175401
0.063847175401
0.063847175401
0.063847175401
0.063847175401
0.063847175401
0.063847175401
0.063847175401
0.063847175401
0.063847175401
0.063847175401
0.063847175401
0.063847175401
0.063847175401
0.063847175401
0.063847175401
0.063847175401
0.063847175401
0.063847175401
0.063847175401
0.063847175401
0.063847175401
0.063847175401
0.063847175401
0.063847175401
0.063847175401
0.063847175401
0.063847175401
0.063847175401
0.063847175401
0.063847175401
0.063847175401
0.063847175401
0.063847175401
0.063847175401
0.063847175401
0.063847175401
0.0638471754018
0.0638471754089
0.0638471754714
0.0638471759953
0.0638471801426
0.0638472111024
0.0638474287739
0.0638488679559
0.0638577948975
0.0639094523513
0.0641841086201
0.0654748959356
0.0704679186302
0.0854555102946
0.123924399823
0.266350826526
0.063847175401
0.063847175401
0.063847175401
0.063847175401
0.063847175401
0.063847175401
0.063847175401
0.063847175401
0.063847175401
0.063847175401
0.063847175401
0.063847175401
0.063847175401
0.063847175401
0.063847175401
0.063847175401
0.063847175401
0.063847175401
0.063847175401
0.063847175401
0.063847175401
0.063847175401
0.063847175401
0.063847175401
0.063847175401
0.063847175401
0.063847175401
0.063847175401
0.063847175401
0.063847175401
0.063847175401
0.063847175401
0.063847175401
0.063847175401
0.063847175401
0.063847175401
0.063847175401
0.063847175401
0.063847175401
0.063847175401
0.063847175401
0.063847175401
0.063847175401
0.063847175401
0.0638471754019
0.0638471754096
0.063847175478
0.0638471760472
0.0638471805233
0.0638472136794
0.0638474446912
0.0638489559902
0.0638582152647
0.0639110410285
0.0641875460277
0.0654669789002
0.0703541742131
0.0848958718226
0.121871008971
0.257633082122
0.063847175401
0.063847175401
0.063847175401
0.063847175401
0.063847175401
0.063847175401
0.063847175401
0.063847175401
0.063847175401
0.063847175401
0.063847175401
0.063847175401
0.063847175401
0.063847175401
0.063847175401
0.063847175401
0.063847175401
0.063847175401
0.063847175401
0.063847175401
0.063847175401
0.063847175401
0.063847175401
0.063847175401
0.063847175401
0.063847175401
0.063847175401
0.063847175401
0.063847175401
0.063847175401
0.063847175401
0.063847175401
0.063847175401
0.063847175401
0.063847175401
0.063847175401
0.063847175401
0.063847175401
0.063847175401
0.063847175401
0.063847175401
0.063847175401
0.063847175401
0.0638471754011
0.063847175402
0.0638471754105
0.0638471754852
0.063847176104
0.0638471809371
0.06384721646
0.0638474617263
0.0638490493425
0.063858656402
0.0639126889116
0.0641910623034
0.065458816898
0.0702381541422
0.0843252866632
0.119778123951
0.248742121205
0.063847175401
0.063847175401
0.063847175401
0.063847175401
0.063847175401
0.063847175401
0.063847175401
0.063847175401
0.063847175401
0.063847175401
0.063847175401
0.063847175401
0.063847175401
0.063847175401
0.063847175401
0.063847175401
0.063847175401
0.063847175401
0.063847175401
0.063847175401
0.063847175401
0.063847175401
0.063847175401
0.063847175401
0.063847175401
0.063847175401
0.063847175401
0.063847175401
0.063847175401
0.063847175401
0.063847175401
0.063847175401
0.063847175401
0.063847175401
0.063847175401
0.063847175401
0.063847175401
0.063847175401
0.063847175401
0.063847175401
0.063847175401
0.063847175401
0.063847175401
0.0638471754011
0.0638471754021
0.0638471754114
0.0638471754931
0.0638471761659
0.0638471813852
0.0638472194501
0.0638474798948
0.0638491479213
0.0638591167932
0.0639143836541
0.0641945869021
0.0654500986183
0.0701188765848
0.0837416082097
0.117643643379
0.239689036605
0.063847175401
0.063847175401
0.063847175401
0.063847175401
0.063847175401
0.063847175401
0.063847175401
0.063847175401
0.063847175401
0.063847175401
0.063847175401
0.063847175401
0.063847175401
0.063847175401
0.063847175401
0.063847175401
0.063847175401
0.063847175401
0.063847175401
0.063847175401
0.063847175401
0.063847175401
0.063847175401
0.063847175401
0.063847175401
0.063847175401
0.063847175401
0.063847175401
0.063847175401
0.063847175401
0.063847175401
0.063847175401
0.063847175401
0.063847175401
0.063847175401
0.063847175401
0.063847175401
0.063847175401
0.063847175401
0.063847175401
0.063847175401
0.063847175401
0.063847175401
0.0638471754011
0.0638471754022
0.0638471754125
0.0638471755018
0.0638471762331
0.0638471818688
0.0638472226525
0.0638474991764
0.0638492514504
0.0638595940848
0.06391610978
0.0641980389602
0.0654405015839
0.0699953852116
0.0831427813482
0.11546562599
0.230484591171
0.063847175401
0.063847175401
0.063847175401
0.063847175401
0.063847175401
0.063847175401
0.063847175401
0.063847175401
0.063847175401
0.063847175401
0.063847175401
0.063847175401
0.063847175401
0.063847175401
0.063847175401
0.063847175401
0.063847175401
0.063847175401
0.063847175401
0.063847175401
0.063847175401
0.063847175401
0.063847175401
0.063847175401
0.063847175401
0.063847175401
0.063847175401
0.063847175401
0.063847175401
0.063847175401
0.063847175401
0.063847175401
0.063847175401
0.063847175401
0.063847175401
0.063847175401
0.063847175401
0.063847175401
0.063847175401
0.063847175401
0.063847175401
0.063847175401
0.063847175401
0.0638471754011
0.0638471754023
0.0638471754136
0.0638471755112
0.0638471763058
0.0638471823882
0.063847226064
0.0638475195227
0.0638493594182
0.063860084528
0.0639178456317
0.0642013133387
0.0654296236271
0.0698664923262
0.0825263245834
0.11324136408
0.22114145115
0.063847175401
0.063847175401
0.063847175401
0.063847175401
0.063847175401
0.063847175401
0.063847175401
0.063847175401
0.063847175401
0.063847175401
0.063847175401
0.063847175401
0.063847175401
0.063847175401
0.063847175401
0.063847175401
0.063847175401
0.063847175401
0.063847175401
0.063847175401
0.063847175401
0.063847175401
0.063847175401
0.063847175401
0.063847175401
0.063847175401
0.063847175401
0.063847175401
0.063847175401
0.063847175401
0.063847175401
0.063847175401
0.063847175401
0.063847175401
0.063847175401
0.063847175401
0.063847175401
0.063847175401
0.063847175401
0.063847175401
0.063847175401
0.063847175401
0.063847175401
0.0638471754011
0.0638471754025
0.0638471754149
0.0638471755214
0.0638471763839
0.0638471829425
0.0638472296747
0.0638475408425
0.0638494711321
0.0638605833271
0.0639195632105
0.0642042783256
0.0654169469061
0.0697306931362
0.081889163523
0.110968207043
0.211673618937
0.063847175401
0.063847175401
0.063847175401
0.063847175401
0.063847175401
0.063847175401
0.063847175401
0.063847175401
0.063847175401
0.063847175401
0.063847175401
0.063847175401
0.063847175401
0.063847175401
0.063847175401
0.063847175401
0.063847175401
0.063847175401
0.063847175401
0.063847175401
0.063847175401
0.063847175401
0.063847175401
0.063847175401
0.063847175401
0.063847175401
0.063847175401
0.063847175401
0.063847175401
0.063847175401
0.063847175401
0.063847175401
0.063847175401
0.063847175401
0.063847175401
0.063847175401
0.063847175401
0.063847175401
0.063847175401
0.063847175401
0.063847175401
0.063847175401
0.063847175401
0.0638471754011
0.0638471754026
0.0638471754162
0.0638471755324
0.0638471764674
0.0638471835302
0.0638472334678
0.0638475629878
0.0638495855403
0.0638610842383
0.0639212295009
0.0642067844951
0.065401938279
0.0695864711358
0.0812281099463
0.10864285099
0.202096081184
0.063847175401
0.063847175401
0.063847175401
0.063847175401
0.063847175401
0.063847175401
0.063847175401
0.063847175401
0.063847175401
0.063847175401
0.063847175401
0.063847175401
0.063847175401
0.063847175401
0.063847175401
0.063847175401
0.063847175401
0.063847175401
0.063847175401
0.063847175401
0.063847175401
0.063847175401
0.063847175401
0.063847175401
0.063847175401
0.063847175401
0.063847175401
0.063847175401
0.063847175401
0.063847175401
0.063847175401
0.063847175401
0.063847175401
0.063847175401
0.063847175401
0.063847175401
0.063847175401
0.063847175401
0.063847175401
0.063847175401
0.063847175401
0.063847175401
0.063847175401
0.0638471754011
0.0638471754028
0.0638471754177
0.0638471755441
0.0638471765558
0.0638471841473
0.0638472374117
0.0638475857301
0.0638497011145
0.0638615781987
0.0639227988552
0.0642086365414
0.0653839011026
0.0694319104419
0.080539393201
0.106261916305
0.192425412524
0.063847175401
0.063847175401
0.063847175401
0.063847175401
0.063847175401
0.063847175401
0.063847175401
0.063847175401
0.063847175401
0.063847175401
0.063847175401
0.063847175401
0.063847175401
0.063847175401
0.063847175401
0.063847175401
0.063847175401
0.063847175401
0.063847175401
0.063847175401
0.063847175401
0.063847175401
0.063847175401
0.063847175401
0.063847175401
0.063847175401
0.063847175401
0.063847175401
0.063847175401
0.063847175401
0.063847175401
0.063847175401
0.063847175401
0.063847175401
0.063847175401
0.063847175401
0.063847175401
0.063847175401
0.063847175401
0.063847175401
0.063847175401
0.063847175401
0.063847175401
0.0638471754012
0.063847175403
0.0638471754192
0.0638471755564
0.0638471766483
0.0638471847874
0.0638472414574
0.0638476087368
0.0638498158188
0.063862053848
0.0639242159052
0.0642096030346
0.0653620542935
0.069264921068
0.0798187498688
0.103820984965
0.182680328252
0.063847175401
0.063847175401
0.063847175401
0.063847175401
0.063847175401
0.063847175401
0.063847175401
0.063847175401
0.063847175401
0.063847175401
0.063847175401
0.063847175401
0.063847175401
0.063847175401
0.063847175401
0.063847175401
0.063847175401
0.063847175401
0.063847175401
0.063847175401
0.063847175401
0.063847175401
0.063847175401
0.063847175401
0.063847175401
0.063847175401
0.063847175401
0.063847175401
0.063847175401
0.063847175401
0.063847175401
0.063847175401
0.063847175401
0.063847175401
0.063847175401
0.063847175401
0.063847175401
0.063847175401
0.063847175401
0.063847175401
0.063847175401
0.063847175401
0.063847175401
0.0638471754012
0.0638471754032
0.0638471754208
0.0638471755693
0.0638471767437
0.0638471854413
0.0638472455387
0.0638476315624
0.0638499269386
0.0638624968201
0.0639254132092
0.0642094158782
0.0653355057068
0.0690831643296
0.0790617951676
0.101316451723
0.172879321155
0.063847175401
0.063847175401
0.063847175401
0.063847175401
0.063847175401
0.063847175401
0.063847175401
0.063847175401
0.063847175401
0.063847175401
0.063847175401
0.063847175401
0.063847175401
0.063847175401
0.063847175401
0.063847175401
0.063847175401
0.063847175401
0.063847175401
0.063847175401
0.063847175401
0.063847175401
0.063847175401
0.063847175401
0.063847175401
0.063847175401
0.063847175401
0.063847175401
0.063847175401
0.063847175401
0.063847175401
0.063847175401
0.063847175401
0.063847175401
0.063847175401
0.063847175401
0.063847175401
0.063847175401
0.063847175401
0.063847175401
0.063847175401
0.063847175401
0.063847175401
0.0638471754012
0.0638471754033
0.0638471754224
0.0638471755824
0.0638471768403
0.0638471860954
0.063847249561
0.0638476536039
0.0638500310198
0.0638628890479
0.0639263077393
0.0642077458584
0.0653031826317
0.0688839024173
0.0782634077499
0.0987438659382
0.163043533751
0.063847175401
0.063847175401
0.063847175401
0.063847175401
0.063847175401
0.063847175401
0.063847175401
0.063847175401
0.063847175401
0.063847175401
0.063847175401
0.063847175401
0.063847175401
0.063847175401
0.063847175401
0.063847175401
0.063847175401
0.063847175401
0.063847175401
0.063847175401
0.063847175401
0.063847175401
0.063847175401
0.063847175401
0.063847175401
0.063847175401
0.063847175401
0.063847175401
0.063847175401
0.063847175401
0.063847175401
0.063847175401
0.063847175401
0.063847175401
0.063847175401
0.063847175401
0.063847175401
0.063847175401
0.063847175401
0.063847175401
0.063847175401
0.063847175401
0.063847175401
0.0638471754012
0.0638471754035
0.0638471754241
0.0638471755954
0.0638471769355
0.0638471867312
0.0638472533972
0.0638476740645
0.0638501234971
0.0638632072358
0.0639267954372
0.0642041983169
0.0652638429106
0.0686640118171
0.077417788621
0.0960983627487
0.15319628518
0.063847175401
0.063847175401
0.063847175401
0.063847175401
0.063847175401
0.063847175401
0.063847175401
0.063847175401
0.063847175401
0.063847175401
0.063847175401
0.063847175401
0.063847175401
0.063847175401
0.063847175401
0.063847175401
0.063847175401
0.063847175401
0.063847175401
0.063847175401
0.063847175401
0.063847175401
0.063847175401
0.063847175401
0.063847175401
0.063847175401
0.063847175401
0.063847175401
0.063847175401
0.063847175401
0.063847175401
0.063847175401
0.063847175401
0.063847175401
0.063847175401
0.063847175401
0.063847175401
0.063847175401
0.063847175401
0.063847175401
0.063847175401
0.063847175401
0.063847175401
0.0638471754012
0.0638471754037
0.0638471754257
0.063847175608
0.0638471770257
0.063847187322
0.0638472568699
0.0638476918644
0.0638501983834
0.0638634217961
0.0639267479963
0.0641982965405
0.0652160215963
0.0684199567254
0.0765187141807
0.0933752278995
0.143362156011
0.063847175401
0.063847175401
0.063847175401
0.063847175401
0.063847175401
0.063847175401
0.063847175401
0.063847175401
0.063847175401
0.063847175401
0.063847175401
0.063847175401
0.063847175401
0.063847175401
0.063847175401
0.063847175401
0.063847175401
0.063847175401
0.063847175401
0.063847175401
0.063847175401
0.063847175401
0.063847175401
0.063847175401
0.063847175401
0.063847175401
0.063847175401
0.063847175401
0.063847175401
0.063847175401
0.063847175401
0.063847175401
0.063847175401
0.063847175401
0.063847175401
0.063847175401
0.063847175401
0.063847175401
0.063847175401
0.063847175401
0.063847175401
0.063847175401
0.063847175401
0.0638471754013
0.0638471754039
0.0638471754272
0.0638471756194
0.063847177106
0.063847187833
0.0638472597497
0.0638477056218
0.0638502482101
0.0638634964874
0.0639260114892
0.0641894844608
0.0651580771332
0.0681478501723
0.0755594011912
0.090569494827
0.133567402813
0.063847175401
0.063847175401
0.063847175401
0.063847175401
0.063847175401
0.063847175401
0.063847175401
0.063847175401
0.063847175401
0.063847175401
0.063847175401
0.063847175401
0.063847175401
0.063847175401
0.063847175401
0.063847175401
0.063847175401
0.063847175401
0.063847175401
0.063847175401
0.063847175401
0.063847175401
0.063847175401
0.063847175401
0.063847175401
0.063847175401
0.063847175401
0.063847175401
0.063847175401
0.063847175401
0.063847175401
0.063847175401
0.063847175401
0.063847175401
0.063847175401
0.063847175401
0.063847175401
0.063847175401
0.063847175401
0.063847175401
0.063847175401
0.063847175401
0.063847175401
0.0638471754013
0.0638471754041
0.0638471754284
0.0638471756288
0.0638471771697
0.0638471882178
0.0638472617377
0.0638477135741
0.0638502635707
0.0638633868643
0.0639244026409
0.0641771163793
0.0650881173507
0.0678433374004
0.0745325713289
0.0876763853972
0.123839666672
0.063847175401
0.063847175401
0.063847175401
0.063847175401
0.063847175401
0.063847175401
0.063847175401
0.063847175401
0.063847175401
0.063847175401
0.063847175401
0.063847175401
0.063847175401
0.063847175401
0.063847175401
0.063847175401
0.063847175401
0.063847175401
0.063847175401
0.063847175401
0.063847175401
0.063847175401
0.063847175401
0.063847175401
0.063847175401
0.063847175401
0.063847175401
0.063847175401
0.063847175401
0.063847175401
0.063847175401
0.063847175401
0.063847175401
0.063847175401
0.063847175401
0.063847175401
0.063847175401
0.063847175401
0.063847175401
0.063847175401
0.063847175401
0.063847175401
0.063847175401
0.0638471754013
0.0638471754042
0.0638471754293
0.063847175635
0.0638471772081
0.0638471884163
0.0638472624513
0.0638477135042
0.0638502328335
0.0638630385587
0.0639216999375
0.0641604292639
0.0650039811978
0.0675015536666
0.0734302361652
0.0846910039773
0.114208857968
0.063847175401
0.063847175401
0.063847175401
0.063847175401
0.063847175401
0.063847175401
0.063847175401
0.063847175401
0.063847175401
0.063847175401
0.063847175401
0.063847175401
0.063847175401
0.063847175401
0.063847175401
0.063847175401
0.063847175401
0.063847175401
0.063847175401
0.063847175401
0.063847175401
0.063847175401
0.063847175401
0.063847175401
0.063847175401
0.063847175401
0.063847175401
0.063847175401
0.063847175401
0.063847175401
0.063847175401
0.063847175401
0.063847175401
0.063847175401
0.063847175401
0.063847175401
0.063847175401
0.063847175401
0.063847175401
0.063847175401
0.063847175401
0.063847175401
0.063847175401
0.0638471754013
0.0638471754042
0.0638471754296
0.0638471756364
0.06384717721
0.0638471883504
0.0638472613979
0.0638477025855
0.063850141429
0.0638623848828
0.0639176373939
0.0641385210257
0.064903172655
0.0671170947932
0.0722439849066
0.0816091573567
0.104707194599
0.063847175401
0.063847175401
0.063847175401
0.063847175401
0.063847175401
0.063847175401
0.063847175401
0.063847175401
0.063847175401
0.063847175401
0.063847175401
0.063847175401
0.063847175401
0.063847175401
0.063847175401
0.063847175401
0.063847175401
0.063847175401
0.063847175401
0.063847175401
0.063847175401
0.063847175401
0.063847175401
0.063847175401
0.063847175401
0.063847175401
0.063847175401
0.063847175401
0.063847175401
0.063847175401
0.063847175401
0.063847175401
0.063847175401
0.063847175401
0.063847175401
0.063847175401
0.063847175401
0.063847175401
0.063847175401
0.063847175401
0.063847175401
0.063847175401
0.063847175401
0.0638471754013
0.0638471754042
0.0638471754291
0.0638471756312
0.0638471771606
0.0638471879215
0.0638472579652
0.0638476773581
0.0638499717862
0.063861346929
0.0639119091403
0.0641103977725
0.0647830503868
0.0666845358758
0.0709662487853
0.0784301927505
0.0953744691894
0.063847175401
0.063847175401
0.063847175401
0.063847175401
0.063847175401
0.063847175401
0.063847175401
0.063847175401
0.063847175401
0.063847175401
0.063847175401
0.063847175401
0.063847175401
0.063847175401
0.063847175401
0.063847175401
0.063847175401
0.063847175401
0.063847175401
0.063847175401
0.063847175401
0.063847175401
0.063847175401
0.063847175401
0.063847175401
0.063847175401
0.063847175401
0.063847175401
0.063847175401
0.063847175401
0.063847175401
0.063847175401
0.063847175401
0.063847175401
0.063847175401
0.063847175401
0.063847175401
0.063847175401
0.063847175401
0.063847175401
0.063847175401
0.063847175401
0.063847175401
0.0638471754013
0.063847175404
0.0638471754275
0.0638471756173
0.0638471770457
0.0638471870337
0.0638472515731
0.0638476346588
0.0638497086243
0.0638598607679
0.0639042907561
0.064075440805
0.064642496269
0.0662034781385
0.0696027707699
0.0751819691491
0.086300813978
0.063847175401
0.063847175401
0.063847175401
0.063847175401
0.063847175401
0.063847175401
0.063847175401
0.063847175401
0.063847175401
0.063847175401
0.063847175401
0.063847175401
0.063847175401
0.063847175401
0.063847175401
0.063847175401
0.063847175401
0.063847175401
0.063847175401
0.063847175401
0.063847175401
0.063847175401
0.063847175401
0.063847175401
0.063847175401
0.063847175401
0.063847175401
0.063847175401
0.063847175401
0.063847175401
0.063847175401
0.063847175401
0.063847175401
0.063847175401
0.063847175401
0.063847175401
0.063847175401
0.063847175401
0.063847175401
0.063847175401
0.063847175401
0.063847175401
0.063847175401
0.0638471754013
0.0638471754038
0.0638471754254
0.0638471755986
0.0638471768951
0.0638471858984
0.0638472436109
0.0638475829448
0.0638493993758
0.0638581697834
0.0638959134836
0.0640383319569
0.0644983327768
0.0657249380452
0.0682798223264
0.0721152789872
0.0779601212982
0.0638471754009
0.0638471754008
0.0638471754007
0.0638471754007
0.0638471754007
0.0638471754007
0.0638471754007
0.0638471754007
0.0638471754007
0.0638471754007
0.0638471754009
0.0638471754009
0.0638471754009
0.0638471754009
0.0638471754009
0.0638471754008
0.0638471754008
0.0638471754008
0.0638471754008
0.0638471754008
0.0638471754009
0.0638471754009
0.0638471754009
0.0638471754009
0.0638471754009
0.0638471754009
0.0638471754009
0.0638471754009
0.0638471754009
0.0638471754009
0.0638471754009
0.0638471754009
0.0638471754009
0.0638471754009
0.0638471754009
0.0638471754009
0.0638471754009
0.0638471754009
0.0638471754009
0.0638471754009
0.0638471754009
0.0638471754009
0.0638471754009
0.0638471754009
0.0638471754009
0.0638471754009
0.0638471754009
0.0638471754009
0.0638471754009
0.0638471754009
0.0638471754009
0.0638471754009
0.0638471754009
0.0638471754009
0.0638471754009
0.0638471754009
0.0638471754009
0.0638471754009
0.0638471754009
0.0638471754009
0.0638471754009
0.0638471754009
0.0638471754009
0.0638471754009
0.0638471754009
0.0638471754009
0.0638471754009
0.0638471754009
0.0638471754009
0.0638471754009
0.063847175401
0.0638471754009
0.0638471754009
0.0638471754009
0.0638471754009
0.0638471754009
0.0638471754009
0.0638471754009
0.0638471754009
0.0638471754009
0.063847175401
0.0638471754009
0.0638471754009
0.0638471754009
0.0638471754009
0.0638471754009
0.0638471754009
0.0638471754009
0.0638471754009
0.0638471754009
0.063847175401
0.063847175401
0.0638471754009
0.0638471754009
0.0638471754009
0.0638471754009
0.0638471754009
0.0638471754009
0.0638471754009
0.0638471754009
0.063847175401
0.063847175401
0.0638471754009
0.0638471754009
0.0638471754009
0.0638471754009
0.0638471754009
0.0638471754009
0.0638471754009
0.0638471754009
0.063847175401
0.063847175401
0.0638471754009
0.0638471754009
0.0638471754009
0.0638471754009
0.0638471754009
0.0638471754009
0.0638471754009
0.0638471754009
0.063847175401
0.063847175401
0.0638471754009
0.0638471754009
0.0638471754009
0.0638471754009
0.0638471754009
0.0638471754009
0.0638471754009
0.0638471754009
0.063847175401
0.063847175401
0.063847175401
0.063847175401
0.0638471754009
0.0638471754009
0.0638471754009
0.0638471754009
0.0638471754009
0.0638471754009
0.063847175401
0.063847175401
0.063847175401
0.063847175401
0.063847175401
0.0638471754009
0.0638471754009
0.0638471754009
0.0638471754009
0.0638471754009
0.063847175401
0.063847175401
0.063847175401
0.063847175401
0.063847175401
0.063847175401
0.063847175401
0.0638471754009
0.0638471754009
0.0638471754009
0.063847175401
0.063847175401
0.063847175401
0.063847175401
0.063847175401
0.063847175401
0.063847175401
0.0638471754009
0.0638471754009
0.063847175401
0.063847175401
0.063847175401
0.063847175401
0.063847175401
0.063847175401
0.063847175401
0.063847175401
0.063847175401
0.063847175401
0.063847175401
0.063847175401
0.063847175401
0.063847175401
0.063847175401
0.063847175401
0.063847175401
0.063847175401
0.063847175401
0.063847175401
0.063847175401
0.063847175401
0.063847175401
0.063847175401
0.063847175401
0.063847175401
0.063847175401
0.063847175401
0.063847175401
0.063847175401
0.063847175401
0.063847175401
0.063847175401
0.063847175401
0.063847175401
0.063847175401
0.063847175401
0.063847175401
0.063847175401
0.063847175401
0.063847175401
0.063847175401
0.063847175401
0.063847175401
0.063847175401
0.063847175401
0.063847175401
0.063847175401
0.063847175401
0.063847175401
0.063847175401
0.063847175401
0.063847175401
0.063847175401
0.063847175401
0.063847175401
0.063847175401
0.063847175401
0.063847175401
0.063847175401
0.063847175401
0.063847175401
0.063847175401
0.063847175401
0.063847175401
0.063847175401
0.063847175401
0.063847175401
0.063847175401
0.063847175401
0.063847175401
0.063847175401
0.063847175401
0.063847175401
0.063847175401
0.063847175401
0.063847175401
0.063847175401
0.063847175401
0.063847175401
0.063847175401
0.063847175401
0.063847175401
0.063847175401
0.063847175401
0.063847175401
0.063847175401
0.063847175401
0.063847175401
0.063847175401
0.063847175401
0.063847175401
0.063847175401
0.063847175401
0.063847175401
0.063847175401
0.063847175401
0.063847175401
0.063847175401
0.063847175401
0.063847175401
0.063847175401
0.063847175401
0.063847175401
0.063847175401
0.063847175401
0.063847175401
0.063847175401
0.063847175401
0.063847175401
0.063847175401
0.063847175401
0.063847175401
0.063847175401
0.063847175401
0.063847175401
0.063847175401
0.063847175401
0.063847175401
0.063847175401
0.063847175401
0.063847175401
0.063847175401
0.063847175401
0.063847175401
0.063847175401
0.063847175401
0.063847175401
0.063847175401
0.063847175401
0.063847175401
0.063847175401
0.063847175401
0.063847175401
0.063847175401
0.063847175401
0.063847175401
0.063847175401
0.063847175401
0.063847175401
0.063847175401
0.063847175401
0.063847175401
0.063847175401
0.063847175401
0.063847175401
0.063847175401
0.063847175401
0.063847175401
0.063847175401
0.063847175401
0.063847175401
0.063847175401
0.063847175401
0.063847175401
0.063847175401
0.063847175401
0.063847175401
0.063847175401
0.063847175401
0.063847175401
0.063847175401
0.063847175401
0.063847175401
0.063847175401
0.063847175401
0.063847175401
0.063847175401
0.063847175401
0.063847175401
0.063847175401
0.063847175401
0.063847175401
0.063847175401
0.063847175401
0.063847175401
0.063847175401
0.063847175401
0.063847175401
0.063847175401
0.063847175401
0.063847175401
0.063847175401
0.063847175401
0.063847175401
0.063847175401
0.063847175401
0.063847175401
0.063847175401
0.063847175401
0.063847175401
0.063847175401
0.063847175401
0.063847175401
0.063847175401
0.063847175401
0.063847175401
0.063847175401
0.063847175401
0.063847175401
0.063847175401
0.063847175401
0.063847175401
0.063847175401
0.063847175401
0.063847175401
0.063847175401
0.063847175401
0.063847175401
0.063847175401
0.063847175401
0.063847175401
0.063847175401
0.063847175401
0.063847175401
0.063847175401
0.063847175401
0.063847175401
0.063847175401
0.063847175401
0.063847175401
0.063847175401
0.063847175401
0.063847175401
0.063847175401
0.063847175401
0.063847175401
0.063847175401
0.063847175401
0.063847175401
0.063847175401
0.063847175401
0.063847175401
0.063847175401
0.063847175401
0.063847175401
0.063847175401
0.063847175401
0.063847175401
0.063847175401
0.063847175401
0.063847175401
0.063847175401
0.063847175401
0.063847175401
0.063847175401
0.063847175401
0.063847175401
0.063847175401
0.063847175401
0.063847175401
0.063847175401
0.063847175401
0.063847175401
0.063847175401
0.063847175401
0.063847175401
0.063847175401
0.063847175401
0.063847175401
0.063847175401
0.063847175401
0.063847175401
0.063847175401
0.063847175401
0.063847175401
0.063847175401
0.063847175401
0.063847175401
0.063847175401
0.063847175401
0.063847175401
0.063847175401
0.063847175401
0.063847175401
0.063847175401
0.063847175401
0.063847175401
0.063847175401
0.063847175401
0.063847175401
0.063847175401
0.063847175401
0.063847175401
0.063847175401
0.063847175401
0.063847175401
0.063847175401
0.063847175401
0.063847175401
0.063847175401
0.063847175401
0.063847175401
0.063847175401
0.063847175401
0.063847175401
0.063847175401
0.063847175401
0.063847175401
0.063847175401
0.063847175401
0.063847175401
0.063847175401
0.063847175401
0.063847175401
0.063847175401
0.063847175401
0.063847175401
0.063847175401
0.063847175401
0.063847175401
0.063847175401
0.063847175401
0.063847175401
0.063847175401
0.063847175401
0.063847175401
0.063847175401
0.063847175401
0.063847175401
0.063847175401
0.063847175401
0.063847175401
0.063847175401
0.063847175401
0.063847175401
0.063847175401
0.063847175401
0.063847175401
0.063847175401
0.063847175401
0.063847175401
0.063847175401
0.063847175401
0.063847175401
0.063847175401
0.063847175401
0.063847175401
0.063847175401
0.063847175401
0.063847175401
0.063847175401
0.063847175401
0.063847175401
0.063847175401
0.063847175401
0.063847175401
0.063847175401
0.063847175401
0.063847175401
0.063847175401
0.063847175401
0.063847175401
0.063847175401
0.063847175401
0.063847175401
0.063847175401
0.063847175401
0.063847175401
0.063847175401
0.063847175401
0.063847175401
0.063847175401
0.063847175401
0.063847175401
0.063847175401
0.063847175401
0.063847175401
0.063847175401
0.063847175401
0.063847175401
0.063847175401
0.063847175401
0.063847175401
0.063847175401
0.063847175401
0.063847175401
0.063847175401
0.063847175401
0.063847175401
0.063847175401
0.063847175401
0.063847175401
0.063847175401
0.063847175401
0.063847175401
0.063847175401
0.063847175401
0.063847175401
0.063847175401
0.063847175401
0.063847175401
0.063847175401
0.063847175401
0.063847175401
0.063847175401
0.063847175401
0.063847175401
0.063847175401
0.063847175401
0.063847175401
0.063847175401
0.063847175401
0.063847175401
0.063847175401
0.063847175401
0.063847175401
0.063847175401
0.063847175401
0.063847175401
0.063847175401
0.063847175401
0.063847175401
0.063847175401
0.063847175401
0.063847175401
0.063847175401
0.063847175401
0.063847175401
0.063847175401
0.063847175401
0.063847175401
0.063847175401
0.063847175401
0.063847175401
0.063847175401
0.063847175401
0.063847175401
0.063847175401
0.063847175401
0.063847175401
)
;

boundaryField
{
    bottom
    {
        type            empty;
    }
    inlet
    {
        type            fixedRho;
        value           uniform 0.063847175401;
    }
    outlet
    {
        type            zeroGradient;
    }
    obstacle
    {
        type            zeroGradient;
    }
    wedgefront
    {
        type            wedge;
    }
    wedgeback
    {
        type            wedge;
    }
}


// ************************************************************************* //
