/*--------------------------------*- C++ -*----------------------------------*\
| =========                 |                                                 |
| \\      /  F ield         | foam-extend: Open Source CFD                    |
|  \\    /   O peration     | Version:     4.1                                |
|   \\  /    A nd           | Web:         http://www.foam-extend.org         |
|    \\/     M anipulation  |                                                 |
\*---------------------------------------------------------------------------*/
FoamFile
{
    version     2.0;
    format      ascii;
    class       volScalarField;
    location    "5e-05";
    object      T;
}
// * * * * * * * * * * * * * * * * * * * * * * * * * * * * * * * * * * * * * //

dimensions      [0 0 0 1 0 0 0];

internalField   nonuniform List<scalar> 
4200
(
272.999999999
272.999999999
272.999999999
272.999999999
272.999999999
272.999999999
272.999999999
272.999999999
272.999999999
272.999999999
272.999999999
272.999999999
272.999999999
272.999999999
272.999999999
272.999999999
272.999999999
272.999999999
272.999999999
272.999999999
272.999999999
272.999999999
272.999999999
272.999999999
272.999999999
272.999999999
272.999999999
272.999999999
272.999999999
272.999999999
272.999999999
272.999999999
272.999999999
272.999999999
272.999999999
272.999999999
272.999999999
272.999999999
272.999999999
272.999999999
272.999999999
272.999999999
272.999999999
272.999999999
272.999999999
273.000000001
273.000000017
273.000000167
273.000001588
273.000014567
273.000130448
273.00115091
273.010173879
273.092864078
273.911893853
282.614749267
357.108250599
642.465359605
1072.0710697
1625.94317493
273
273
273
273
273
273
273
273
273
273
273
273
273
273
273
273
273
273
273
273
273
273
273
273
273
273
273
273
273
273
273
273
273
273
273
273
273
273
273
273
273
273
273
273
273
273.000000001
273.000000017
273.000000168
273.000001592
273.000014603
273.000130707
273.001152944
273.010190096
273.092969061
273.912827096
282.623464805
357.168298267
642.573088394
1072.06919637
1625.76147153
273
273
273
273
273
273
273
273
273
273
273
273
273
273
273
273
273
273
273
273
273
273
273
273
273
273
273
273
273
273
273
273
273
273
273
273
273
273
273
273
273
273
273
273
273
273.000000002
273.000000017
273.000000169
273.000001599
273.000014653
273.000131078
273.001154962
273.010197
273.09293091
273.911217347
282.59208059
356.833263941
641.239608188
1069.61192027
1622.09199654
273
273
273
273
273
273
273
273
273
273
273
273
273
273
273
273
273
273
273
273
273
273
273
273
273
273
273
273
273
273
273
273
273
273
273
273
273
273
273
273
273
273
273
273
273
273.000000002
273.000000017
273.00000017
273.000001609
273.00001473
273.000131587
273.001157853
273.010208297
273.092872403
273.908652131
282.544043054
356.31586808
639.163112949
1065.83710355
1616.43998247
273
273
273
273
273
273
273
273
273
273
273
273
273
273
273
273
273
273
273
273
273
273
273
273
273
273
273
273
273
273
273
273
273
273
273
273
273
273
273
273
273
273
273
273
273
273.000000002
273.000000018
273.000000172
273.000001622
273.000014832
273.000132324
273.00116252
273.010228033
273.092809837
273.905422453
282.481142448
355.631242614
636.430731487
1060.83061531
1608.95411676
273
273
273
273
273
273
273
273
273
273
273
273
273
273
273
273
273
273
273
273
273
273
273
273
273
273
273
273
273
273
273
273
273
273
273
273
273
273
273
273
273
273
273
273
273
273.000000002
273.000000018
273.000000174
273.000001639
273.000014964
273.000133235
273.001167942
273.010250116
273.092722751
273.901405372
282.40417601
354.795637623
633.062980303
1054.63615561
1599.6680859
273
273
273
273
273
273
273
273
273
273
273
273
273
273
273
273
273
273
273
273
273
273
273
273
273
273
273
273
273
273
273
273
273
273
273
273
273
273
273
273
273
273
273
273
273
273.000000002
273.000000018
273.000000177
273.000001659
273.000015122
273.000134343
273.001174874
273.010277556
273.09264066
273.896770816
282.313566189
353.808800667
629.07484067
1047.2696961
1588.61920785
273
273
273
273
273
273
273
273
273
273
273
273
273
273
273
273
273
273
273
273
273
273
273
273
273
273
273
273
273
273
273
273
273
273
273
273
273
273
273
273
273
273
273
273
273
273.000000002
273.000000018
273.000000179
273.000001684
273.000015308
273.000135647
273.001182781
273.01031046
273.092557686
273.891427922
282.209633672
352.677044201
624.479116757
1038.78549607
1575.85558176
273
273
273
273
273
273
273
273
273
273
273
273
273
273
273
273
273
273
273
273
273
273
273
273
273
273
273
273
273
273
273
273
273
273
273
273
273
273
273
273
273
273
273
273
273
273.000000002
273.000000019
273.000000183
273.000001712
273.000015528
273.000137197
273.0011919
273.010349944
273.092458495
273.88555712
282.094286975
351.413323118
619.325941637
1029.19322387
1561.40829004
273
273
273
273
273
273
273
273
273
273
273
273
273
273
273
273
273
273
273
273
273
273
273
273
273
273
273
273
273
273
273
273
273
273
273
273
273
273
273
273
273
273
273
273
273
273.000000002
273.000000019
273.000000187
273.000001745
273.000015774
273.000138928
273.00120242
273.010394788
273.09237912
273.879081532
281.967604063
350.022209843
613.618277897
1018.55092767
1545.34903618
273
273
273
273
273
273
273
273
273
273
273
273
273
273
273
273
273
273
273
273
273
273
273
273
273
273
273
273
273
273
273
273
273
273
273
273
273
273
273
273
273
273
273
273
273
273.000000002
273.00000002
273.000000191
273.000001782
273.000016059
273.00014091
273.001214431
273.010446797
273.092293104
273.872251502
281.830766211
348.516356034
607.400210703
1006.89500716
1527.72161234
273
273
273
273
273
273
273
273
273
273
273
273
273
273
273
273
273
273
273
273
273
273
273
273
273
273
273
273
273
273
273
273
273
273
273
273
273
273
273
273
273
273
273
273
273
273.000000002
273.00000002
273.000000196
273.000001823
273.000016378
273.000143161
273.001228196
273.010505557
273.092217278
273.864861096
281.68454268
346.905170294
600.704401547
994.287183263
1508.62197357
273
273
273
273
273
273
273
273
273
273
273
273
273
273
273
273
273
273
273
273
273
273
273
273
273
273
273
273
273
273
273
273
273
273
273
273
273
273
273
273
273
273
273
273
273
273.000000002
273.000000021
273.000000202
273.00000187
273.000016734
273.00014563
273.001243209
273.010573442
273.092179885
273.857215147
281.529893076
345.199775686
593.563075696
980.769056214
1488.06825482
273
273
273
273
273
273
273
273
273
273
273
273
273
273
273
273
273
273
273
273
273
273
273
273
273
273
273
273
273
273
273
273
273
273
273
273
273
273
273
273
273
273
273
273
273
273.000000002
273.000000022
273.000000208
273.000001921
273.000017128
273.000148403
273.001259889
273.010648926
273.092129388
273.849033097
281.367940692
343.407206487
586.011282959
966.391268046
1466.16117878
273
273
273
273
273
273
273
273
273
273
273
273
273
273
273
273
273
273
273
273
273
273
273
273
273
273
273
273
273
273
273
273
273
273
273
273
273
273
273
273
273
273
273
273
273
273.000000002
273.000000023
273.000000215
273.000001979
273.000017565
273.000151437
273.001278438
273.010731906
273.092117024
273.840732501
281.199871432
341.540713883
578.089863287
951.213347074
1442.97979031
273
273
273
273
273
273
273
273
273
273
273
273
273
273
273
273
273
273
273
273
273
273
273
273
273
273
273
273
273
273
273
273
273
273
273
273
273
273
273
273
273
273
273
273
273
273.000000002
273.000000023
273.000000223
273.000002043
273.000018053
273.000154828
273.001299105
273.010827865
273.092130221
273.832328864
281.026425616
339.612808129
569.845484197
935.303288905
1418.61007765
273
273
273
273
273
273
273
273
273
273
273
273
273
273
273
273
273
273
273
273
273
273
273
273
273
273
273
273
273
273
273
273
273
273
273
273
273
273
273
273
273
273
273
273
273
273.000000002
273.000000025
273.000000232
273.000002113
273.000018585
273.000158549
273.001321695
273.010933496
273.092195707
273.823751812
280.850301205
337.641924373
561.336483524
918.757455053
1393.15692032
273
273
273
273
273
273
273
273
273
273
273
273
273
273
273
273
273
273
273
273
273
273
273
273
273
273
273
273
273
273
273
273
273
273
273
273
273
273
273
273
273
273
273
273
273
273.000000003
273.000000026
273.000000241
273.000002191
273.000019173
273.00016259
273.001346578
273.011050281
273.092290459
273.815181817
280.67053132
335.62987294
552.565990169
901.595264426
1366.66777249
273
273
273
273
273
273
273
273
273
273
273
273
273
273
273
273
273
273
273
273
273
273
273
273
273
273
273
273
273
273
273
273
273
273
273
273
273
273
273
273
273
273
273
273
273
273.000000003
273.000000027
273.000000252
273.000002276
273.000019819
273.000167061
273.001373454
273.011179416
273.092420996
273.806623297
280.488766729
333.587609766
543.59443685
883.900326597
1339.27090543
273
273
273
273
273
273
273
273
273
273
273
273
273
273
273
273
273
273
273
273
273
273
273
273
273
273
273
273
273
273
273
273
273
273
273
273
273
273
273
273
273
273
273
273
273
273.000000003
273.000000028
273.000000264
273.00000237
273.000020526
273.00017193
273.00140345
273.01132182
273.092612332
273.79810974
280.305597696
331.525392747
534.450575925
865.723633998
1311.011029
273
273
273
273
273
273
273
273
273
273
273
273
273
273
273
273
273
273
273
273
273
273
273
273
273
273
273
273
273
273
273
273
273
273
273
273
273
273
273
273
273
273
273
273
273
273.000000003
273.00000003
273.000000276
273.000002474
273.000021302
273.000177248
273.001435566
273.011478525
273.09287623
273.789684821
280.121694937
329.451895676
525.179005527
847.120473235
1281.98491332
273
273
273
273
273
273
273
273
273
273
273
273
273
273
273
273
273
273
273
273
273
273
273
273
273
273
273
273
273
273
273
273
273
273
273
273
273
273
273
273
273
273
273
273
273
273.000000003
273.000000031
273.000000291
273.000002587
273.000022149
273.000183015
273.001470864
273.011647765
273.0932037
273.78148991
279.939791669
327.383423499
515.829464294
828.214940307
1252.34448126
273
273
273
273
273
273
273
273
273
273
273
273
273
273
273
273
273
273
273
273
273
273
273
273
273
273
273
273
273
273
273
273
273
273
273
273
273
273
273
273
273
273
273
273
273
273.000000003
273.000000033
273.000000306
273.000002712
273.000023075
273.000189402
273.001509456
273.0118388
273.09357881
273.77362981
279.758561842
325.325241942
506.432456832
809.019417771
1222.11475225
273
273
273
273
273
273
273
273
273
273
273
273
273
273
273
273
273
273
273
273
273
273
273
273
273
273
273
273
273
273
273
273
273
273
273
273
273
273
273
273
273
273
273
273
273
273.000000004
273.000000035
273.000000323
273.000002849
273.000024094
273.000196291
273.001551435
273.012044377
273.09406746
273.766008386
279.579621337
323.284225391
497.04109667
789.657892356
1191.47846927
273
273
273
273
273
273
273
273
273
273
273
273
273
273
273
273
273
273
273
273
273
273
273
273
273
273
273
273
273
273
273
273
273
273
273
273
273
273
273
273
273
273
273
273
273
273.000000004
273.000000037
273.000000342
273.000002999
273.000025195
273.000203786
273.001596669
273.012266015
273.094601675
273.758704554
279.403031997
321.267620891
487.658136252
770.139389607
1160.42028691
273
273
273
273
273
273
273
273
273
273
273
273
273
273
273
273
273
273
273
273
273
273
273
273
273
273
273
273
273
273
273
273
273
273
273
273
273
273
273
273
273
273
273
273
273
273.000000004
273.00000004
273.000000363
273.000003164
273.000026412
273.000211991
273.001645901
273.01251174
273.095245102
273.751802768
279.229514336
319.28059775
478.327906957
750.51814532
1129.08644554
273
273
273
273
273
273
273
273
273
273
273
273
273
273
273
273
273
273
273
273
273
273
273
273
273
273
273
273
273
273
273
273
273
273
273
273
273
273
273
273
273
273
273
273
273
273.000000005
273.000000043
273.000000386
273.000003345
273.000027741
273.00022088
273.001699302
273.012779682
273.095996279
273.745346167
279.060187589
317.331030184
469.087247444
730.90020487
1097.53778316
273
273
273
273
273
273
273
273
273
273
273
273
273
273
273
273
273
273
273
273
273
273
273
273
273
273
273
273
273
273
273
273
273
273
273
273
273
273
273
273
273
273
273
273
273
273.000000005
273.000000046
273.000000411
273.000003543
273.000029179
273.00023059
273.00175744
273.013069034
273.096827333
273.739373885
278.894802865
315.423842807
459.968271613
711.326929923
1065.93287132
273
273
273
273
273
273
273
273
273
273
273
273
273
273
273
273
273
273
273
273
273
273
273
273
273
273
273
273
273
273
273
273
273
273
273
273
273
273
273
273
273
273
273
273
273
273.000000005
273.000000049
273.000000439
273.000003762
273.000030778
273.000241169
273.001820532
273.013380111
273.097785727
273.733792137
278.734332351
313.565225983
450.99237225
691.852062292
1034.26296661
273
273
273
273
273
273
273
273
273
273
273
273
273
273
273
273
273
273
273
273
273
273
273
273
273
273
273
273
273
273
273
273
273
273
273
273
273
273
273
273
273
273
273
273
273.000000001
273.000000006
273.000000053
273.00000047
273.000004001
273.000032495
273.000252582
273.001888403
273.013721156
273.098864164
273.728908043
278.577637451
311.756469806
442.183744852
672.532858084
1002.66623829
273
273
273
273
273
273
273
273
273
273
273
273
273
273
273
273
273
273
273
273
273
273
273
273
273
273
273
273
273
273
273
273
273
273
273
273
273
273
273
273
273
273
273
273
273.000000001
273.000000006
273.000000057
273.000000504
273.000004263
273.000034385
273.00026504
273.001962313
273.01408897
273.100035633
273.724452108
278.426085093
309.997226802
433.558357976
653.421672307
971.218285713
273
273
273
273
273
273
273
273
273
273
273
273
273
273
273
273
273
273
273
273
273
273
273
273
273
273
273
273
273
273
273
273
273
273
273
273
273
273
273
273
273
273
273
273
273.000000001
273.000000007
273.000000061
273.000000542
273.000004552
273.000036445
273.000278623
273.002042046
273.014486106
273.10134141
273.720457425
278.279879181
308.296106336
425.134840387
634.553861533
939.968032689
273
273
273
273
273
273
273
273
273
273
273
273
273
273
273
273
273
273
273
273
273
273
273
273
273
273
273
273
273
273
273
273
273
273
273
273
273
273
273
273
273
273
273
273
273.000000001
273.000000007
273.000000066
273.000000583
273.000004869
273.00003871
273.000293288
273.002127585
273.014911898
273.102794433
273.717234965
278.138248177
306.650685252
416.930187935
615.979717476
908.982531083
273
273
273
273
273
273
273
273
273
273
273
273
273
273
273
273
273
273
273
273
273
273
273
273
273
273
273
273
273
273
273
273
273
273
273
273
273
273
273
273
273
273
273
273
273.000000001
273.000000008
273.000000072
273.000000628
273.000005216
273.000041156
273.000309189
273.002220388
273.015371659
273.10436086
273.714375983
278.001846989
305.059874283
408.95922499
597.732301658
878.327725463
273
273
273
273
273
273
273
273
273
273
273
273
273
273
273
273
273
273
273
273
273
273
273
273
273
273
273
273
273
273
273
273
273
273
273
273
273
273
273
273
273
273
273
273
273.000000001
273.000000009
273.000000078
273.000000679
273.000005597
273.00004383
273.00032649
273.002320314
273.015863392
273.106043569
273.71217035
277.870129983
303.525780317
401.23274558
579.856353482
848.097305649
273
273
273
273
273
273
273
273
273
273
273
273
273
273
273
273
273
273
273
273
273
273
273
273
273
273
273
273
273
273
273
273
273
273
273
273
273
273
273
273
273
273
273
273
273.000000001
273.000000009
273.000000085
273.000000734
273.000006014
273.000046758
273.000345221
273.002427348
273.016391893
273.107895463
273.710474402
277.74300309
302.049486117
393.757849678
562.378700255
818.286324862
273
273
273
273
273
273
273
273
273
273
273
273
273
273
273
273
273
273
273
273
273
273
273
273
273
273
273
273
273
273
273
273
273
273
273
273
273
273
273
273
273
273
273
273
273.000000001
273.00000001
273.000000093
273.000000795
273.000006471
273.000049943
273.000365455
273.002543432
273.016955509
273.109873647
273.709190143
277.620658822
300.630923995
386.546761584
545.341543841
789.020961082
273
273
273
273
273
273
273
273
273
273
273
273
273
273
273
273
273
273
273
273
273
273
273
273
273
273
273
273
273
273
273
273
273
273
273
273
273
273
273
273
273
273
273
273
273.000000001
273.000000011
273.000000101
273.000000862
273.000006971
273.000053403
273.000387266
273.002667377
273.017558083
273.111984653
273.708602667
277.502921867
299.265777922
379.592261272
528.748356773
760.278366336
273
273
273
273
273
273
273
273
273
273
273
273
273
273
273
273
273
273
273
273
273
273
273
273
273
273
273
273
273
273
273
273
273
273
273
273
273
273
273
273
273
273
273
273
273.000000001
273.000000012
273.00000011
273.000000936
273.000007521
273.00005715
273.000410856
273.002799829
273.018193773
273.114221593
273.708131866
277.388252164
297.953278872
372.899532154
512.642076201
732.161360963
273
273
273
273
273
273
273
273
273
273
273
273
273
273
273
273
273
273
273
273
273
273
273
273
273
273
273
273
273
273
273
273
273
273
273
273
273
273
273
273
273
273
273
273
273.000000001
273.000000013
273.00000012
273.000001017
273.000008119
273.000061209
273.000436324
273.00294129
273.018871116
273.116578753
273.708197948
277.277297241
296.691426255
366.473906072
497.022585803
704.626425562
273
273
273
273
273
273
273
273
273
273
273
273
273
273
273
273
273
273
273
273
273
273
273
273
273
273
273
273
273
273
273
273
273
273
273
273
273
273
273
273
273
273
273
273
273.000000002
273.000000015
273.000000132
273.000001106
273.000008771
273.000065639
273.000463527
273.003092107
273.019581385
273.119054463
273.708508266
277.169553168
295.479254546
360.309457611
481.916756444
677.776882777
273
273
273
273
273
273
273
273
273
273
273
273
273
273
273
273
273
273
273
273
273
273
273
273
273
273
273
273
273
273
273
273
273
273
273
273
273
273
273
273
273
273
273
273
273.000000002
273.000000016
273.000000144
273.000001203
273.00000948
273.000070401
273.000492694
273.003251905
273.020328944
273.121626759
273.708945191
277.064324742
294.312464311
354.40765959
467.343750684
651.623683964
273
273
273
273
273
273
273
273
273
273
273
273
273
273
273
273
273
273
273
273
273
273
273
273
273
273
273
273
273
273
273
273
273
273
273
273
273
273
273
273
273
273
273
273
273.000000002
273.000000018
273.000000158
273.000001309
273.000010245
273.000075526
273.000523809
273.003420963
273.021109103
273.124262458
273.709394674
276.960409416
293.187811728
348.753098891
453.283549604
626.155272383
273
273
273
273
273
273
273
273
273
273
273
273
273
273
273
273
273
273
273
273
273
273
273
273
273
273
273
273
273
273
273
273
273
273
273
273
273
273
273
273
273
273
273
273
273.000000002
273.00000002
273.000000173
273.000001424
273.000011071
273.00008102
273.000556803
273.003598065
273.021917731
273.126941263
273.709714572
276.857471727
292.102729888
343.345470143
439.761612718
601.418610142
273
273
273
273
273
273
273
273
273
273
273
273
273
273
273
273
273
273
273
273
273
273
273
273
273
273
273
273
273
273
273
273
273
273
273
273
273
273
273
273
273
273
273
273
273.000000002
273.000000022
273.000000189
273.000001548
273.000011962
273.000086831
273.000591735
273.003782247
273.0227448
273.129606355
273.709661311
276.754657675
291.053603212
338.178736746
426.765693014
577.395503863
273
273
273
273
273
273
273
273
273
273
273
273
273
273
273
273
273
273
273
273
273
273
273
273
273
273
273
273
273
273
273
273
273
273
273
273
273
273
273
273
273
273
273
273
273.000000003
273.000000024
273.000000206
273.000001682
273.000012911
273.000093023
273.000628061
273.003972784
273.023582293
273.132225392
273.708952275
276.650584456
290.03632649
333.233626597
414.297517303
554.111853105
273
273
273
273
273
273
273
273
273
273
273
273
273
273
273
273
273
273
273
273
273
273
273
273
273
273
273
273
273
273
273
273
273
273
273
273
273
273
273
273
273
273
273
273
273.000000003
273.000000026
273.000000225
273.000001825
273.000013915
273.000099526
273.000666017
273.004167994
273.0244239
273.134746852
273.707360962
276.544687103
289.046347698
328.509506092
402.354208434
531.561933341
273
273
273
273
273
273
273
273
273
273
273
273
273
273
273
273
273
273
273
273
273
273
273
273
273
273
273
273
273
273
273
273
273
273
273
273
273
273
273
273
273
273
273
273
273.000000003
273.000000029
273.000000245
273.000001976
273.000014971
273.000106246
273.000704956
273.004364934
273.025251275
273.137070674
273.704597893
276.435216238
288.078973644
323.994677326
390.931348211
509.776146797
273
273
273
273
273
273
273
273
273
273
273
273
273
273
273
273
273
273
273
273
273
273
273
273
273
273
273
273
273
273
273
273
273
273
273
273
273
273
273
273
273
273
273
273
273.000000003
273.000000031
273.000000266
273.000002134
273.000016066
273.000113188
273.000744321
273.004560359
273.026041498
273.139108385
273.699988837
276.32085427
287.129806604
319.676595109
380.010202558
488.679417811
273
273
273
273
273
273
273
273
273
273
273
273
273
273
273
273
273
273
273
273
273
273
273
273
273
273
273
273
273
273
273
273
273
273
273
273
273
273
273
273
273
273
273
273
273.000000004
273.000000034
273.000000288
273.000002298
273.000017187
273.000120152
273.000783192
273.004749151
273.026775773
273.140733023
273.693479689
276.200445465
286.196597711
315.540613094
369.584203075
468.320454133
273
273
273
273
273
273
273
273
273
273
273
273
273
273
273
273
273
273
273
273
273
273
273
273
273
273
273
273
273
273
273
273
273
273
273
273
273
273
273
273
273
273
273
273
273.000000004
273.000000037
273.00000031
273.000002463
273.000018307
273.000127034
273.000820907
273.00492596
273.02741483
273.141806448
273.684189054
276.071953627
285.271019539
311.577203658
359.640987087
448.666782562
273
273
273
273
273
273
273
273
273
273
273
273
273
273
273
273
273
273
273
273
273
273
273
273
273
273
273
273
273
273
273
273
273
273
273
273
273
273
273
273
273
273
273
273
273.000000004
273.00000004
273.000000333
273.000002625
273.000019392
273.000133597
273.000855832
273.005082036
273.027931094
273.14213655
273.671534777
275.932961745
284.349849413
307.770049205
350.168837334
429.690068995
273
273
273
273
273
273
273
273
273
273
273
273
273
273
273
273
273
273
273
273
273
273
273
273
273
273
273
273
273
273
273
273
273
273
273
273
273
273
273
273
273
273
273
273.000000001
273.000000005
273.000000042
273.000000354
273.00000278
273.000020406
273.000139545
273.000886047
273.005207521
273.028260416
273.141522068
273.654716968
275.78180586
283.425870338
304.109576712
341.138501291
411.381467685
273
273
273
273
273
273
273
273
273
273
273
273
273
273
273
273
273
273
273
273
273
273
273
273
273
273
273
273
273
273
273
273
273
273
273
273
273
273
273
273
273
273
273
273.000000001
273.000000005
273.000000045
273.000000374
273.000002918
273.000021281
273.000144474
273.000909486
273.005290903
273.028348052
273.139701355
273.632785139
275.615782124
282.492682024
300.571574556
332.52735592
393.69696243
273
273
273
273
273
273
273
273
273
273
273
273
273
273
273
273
273
273
273
273
273
273
273
273
273
273
273
273
273
273
273
273
273
273
273
273
273
273
273
273
273
273
273
273.000000001
273.000000005
273.000000047
273.00000039
273.000003027
273.000021932
273.000147854
273.000922921
273.005313034
273.028112789
273.136336758
273.604754583
275.432070368
281.547799524
297.149046331
324.321838248
376.624680579
273
273
273
273
273
273
273
273
273
273
273
273
273
273
273
273
273
273
273
273
273
273
273
273
273
273
273
273
273
273
273
273
273
273
273
273
273
273
273
273
273
273
273
273.000000001
273.000000005
273.000000049
273.0000004
273.000003092
273.000022281
273.000149085
273.000922519
273.005256878
273.027462918
273.131080843
273.569345719
275.227229445
280.580913768
293.826595833
316.493527454
360.116015252
273
273
273
273
273
273
273
273
273
273
273
273
273
273
273
273
273
273
273
273
273
273
273
273
273
273
273
273
273
273
273
273
273
273
273
273
273
273
273
273
273
273
273
273.000000001
273.000000006
273.000000049
273.000000403
273.000003096
273.000022162
273.000147249
273.000903645
273.005097131
273.026295783
273.123498714
273.525145757
274.998750549
279.587193539
290.581125864
309.010581463
344.128126431
273
273
273
273
273
273
273
273
273
273
273
273
273
273
273
273
273
273
273
273
273
273
273
273
273
273
273
273
273
273
273
273
273
273
273
273
273
273
273
273
273
273
273
273.000000001
273.000000006
273.000000048
273.000000394
273.000003012
273.000021431
273.000141373
273.000860473
273.00480337
273.02446958
273.113043782
273.470489052
274.741957254
278.558856123
287.403281661
301.855142079
328.621208575
273
273
273
273
273
273
273
273
273
273
273
273
273
273
273
273
273
273
273
273
273
273
273
273
273
273
273
273
273
273
273
273
273
273
273
273
273
273
273
273
273
273
273
273.000000001
273.000000005
273.000000045
273.00000037
273.000002815
273.000019912
273.000130425
273.000786837
273.004348137
273.021865143
273.099392143
273.40498614
274.45722999
277.498200285
284.295219105
295.03343988
313.604835081
273
273
273
273
273
273
273
273
273
273
273
273
273
273
273
273
273
273
273
273
273
273
273
273
273
273
273
273
273
273
273
273
273
273
273
273
273
273
273
273
273
273
273
273.000000001
273.000000005
273.000000042
273.000000338
273.000002557
273.000017963
273.000116712
273.000697801
273.003813097
273.018917597
273.084498089
273.336376823
274.175729308
276.501976442
281.474359404
288.903133499
299.612154445
273
273
273
273
273
273
273
273
273
272.999999999
273
273
273
273
273
273
273
273
273
273
273
273
273
273
273
273
273
273
273
273
273
273
273
273
273
273
273
273
273
273
273
273
273
273
273
273
273
273
273
273
273
273
273
273
273
273
273
273
273
273
273
273
273
273
273
273
273
273
273
273
273
273
273
273
273
273
273
273
273
273
273
273
273
273
273
273
273
273
273
273
273
273
273
273
273
273
273
273
273
273
273
273
273
273
273
273
273
273
273
273
273
273
273
273
273
273
273
273
273
273
273
273
273
273
273
273
273
273
273
273
273
273
273
273
273
273
273
273
273
273
273
273
273
273
273
273
273
273
273
273
273
273
273
273
273
273
273
273
273
273
273
273
273
273
273
273
273
273
273
273
273
273
273
273
273
273
273
273
273
273
273
273
273
273
273
273
273
273
273
273
273
273
273
273
273
273
273
273
273
273
273
273
273
273
273
273
273
273
273
273
273
273
273
273
273
273
273
273
273
273
273
273
273
273
273
273
273
273
273
273
273
273
273
273
273
273
273
273
273
273
273
273
273
273
273
273
273
273
273
273
273
273
273
273
273
273
273
273
273
273
273
273
273
273
273
273
273
273
273
273
273
273
273
273
273
273
273
273
273
273
273
273
273
273
273
273
273
273
273
273
273
273
273
273
273
273
273
273
273
273
273
273
273
273
273
273
273
273
273
273
273
273
273
273
273
273
273
273
273
273
273
273
273
273
273
273
273
273
273
273
273
273
273
273
273
273
273
273
273
273
273
273
273
273
273
273
273
273
273
273
273
273
273
273
273
273
273
273
273
273
273
273
273
273
273
273
273
273
273
273
273
273
273
273
273
273
273
273
273
273
273
273
273
273
273
273
273
273
273
273
273
273
273
273
273
273
273
273
273
273
273
273
273
273
273
273
273
273
273
273
273
273
273
273
273
273
273
273
273
273
273
273
273
273
273
273
273
273
273
273
273
273
273
273
273
273
273
273
273
273
273
273
273
273
273
273
273
273
273
273
273
273
273
273
273
273
273
273
273
273
273
273
273
273
273
273
273
273
273
273
273
273
273
273
273
273
273
273
273
273
273
273
273
273
273
273
273
273
273
273
273
273
273
273
273
273
273
273
273
273
273
273
273
273
273
273
273
273
273
273
273
273
273
273
273
273
273
273
273
273
273
273
273
273
273
273
273
273
273
273
273
273
273
273
273
273
273
273
273
273
273
273
273
273
273
273
273
273
273
273
273
273
273
273
273
273
273
273
273
273
273
273
273
273
273
273
273
273
273
273
273
273
273
273
273
273
273
273
273
273
273
273
273
273
273
273
273
273
273
273
273
273
273
273
273
273
273
273
273
273
)
;

boundaryField
{
    bottom
    {
        type            empty;
    }
    inlet
    {
        type            fixedValue;
        value           uniform 273;
    }
    outlet
    {
        type            zeroGradient;
    }
    obstacle
    {
        type            zeroGradient;
    }
    wedgefront
    {
        type            wedge;
    }
    wedgeback
    {
        type            wedge;
    }
}


// ************************************************************************* //
