/*--------------------------------*- C++ -*----------------------------------*\
  =========                 |
  \\      /  F ield         | OpenFOAM: The Open Source CFD Toolbox
   \\    /   O peration     | Website:  https://openfoam.org
    \\  /    A nd           | Version:  7
     \\/     M anipulation  |
\*---------------------------------------------------------------------------*/
FoamFile
{
    version     2.0;
    format      ascii;
    class       labelList;
    note        "nPoints: 17061 nCells: 8400 nFaces: 33670 nInternalFaces: 16610";
    location    "constant/polyMesh";
    object      neighbour;
}
// * * * * * * * * * * * * * * * * * * * * * * * * * * * * * * * * * * * * * //


16610
(
1
70
4949
2
71
3
72
4
73
5
74
6
75
7
76
8
77
9
78
10
79
11
80
12
81
13
82
14
83
15
84
16
85
17
86
18
87
19
88
20
89
21
90
22
91
23
92
24
93
25
94
26
95
27
96
28
97
29
98
30
99
31
100
32
101
33
102
34
103
35
104
36
105
37
106
38
107
39
108
40
109
41
110
42
111
43
112
44
113
45
114
46
115
47
116
48
117
49
118
50
119
51
120
52
121
53
122
54
123
55
124
56
125
57
126
58
127
59
128
60
129
61
130
62
131
63
132
64
133
65
134
66
135
67
136
68
137
69
138
139
71
140
4999
72
141
73
142
74
143
75
144
76
145
77
146
78
147
79
148
80
149
81
150
82
151
83
152
84
153
85
154
86
155
87
156
88
157
89
158
90
159
91
160
92
161
93
162
94
163
95
164
96
165
97
166
98
167
99
168
100
169
101
170
102
171
103
172
104
173
105
174
106
175
107
176
108
177
109
178
110
179
111
180
112
181
113
182
114
183
115
184
116
185
117
186
118
187
119
188
120
189
121
190
122
191
123
192
124
193
125
194
126
195
127
196
128
197
129
198
130
199
131
200
132
201
133
202
134
203
135
204
136
205
137
206
138
207
139
208
209
141
210
5049
142
211
143
212
144
213
145
214
146
215
147
216
148
217
149
218
150
219
151
220
152
221
153
222
154
223
155
224
156
225
157
226
158
227
159
228
160
229
161
230
162
231
163
232
164
233
165
234
166
235
167
236
168
237
169
238
170
239
171
240
172
241
173
242
174
243
175
244
176
245
177
246
178
247
179
248
180
249
181
250
182
251
183
252
184
253
185
254
186
255
187
256
188
257
189
258
190
259
191
260
192
261
193
262
194
263
195
264
196
265
197
266
198
267
199
268
200
269
201
270
202
271
203
272
204
273
205
274
206
275
207
276
208
277
209
278
279
211
280
5099
212
281
213
282
214
283
215
284
216
285
217
286
218
287
219
288
220
289
221
290
222
291
223
292
224
293
225
294
226
295
227
296
228
297
229
298
230
299
231
300
232
301
233
302
234
303
235
304
236
305
237
306
238
307
239
308
240
309
241
310
242
311
243
312
244
313
245
314
246
315
247
316
248
317
249
318
250
319
251
320
252
321
253
322
254
323
255
324
256
325
257
326
258
327
259
328
260
329
261
330
262
331
263
332
264
333
265
334
266
335
267
336
268
337
269
338
270
339
271
340
272
341
273
342
274
343
275
344
276
345
277
346
278
347
279
348
349
281
350
5149
282
351
283
352
284
353
285
354
286
355
287
356
288
357
289
358
290
359
291
360
292
361
293
362
294
363
295
364
296
365
297
366
298
367
299
368
300
369
301
370
302
371
303
372
304
373
305
374
306
375
307
376
308
377
309
378
310
379
311
380
312
381
313
382
314
383
315
384
316
385
317
386
318
387
319
388
320
389
321
390
322
391
323
392
324
393
325
394
326
395
327
396
328
397
329
398
330
399
331
400
332
401
333
402
334
403
335
404
336
405
337
406
338
407
339
408
340
409
341
410
342
411
343
412
344
413
345
414
346
415
347
416
348
417
349
418
419
351
420
5199
352
421
353
422
354
423
355
424
356
425
357
426
358
427
359
428
360
429
361
430
362
431
363
432
364
433
365
434
366
435
367
436
368
437
369
438
370
439
371
440
372
441
373
442
374
443
375
444
376
445
377
446
378
447
379
448
380
449
381
450
382
451
383
452
384
453
385
454
386
455
387
456
388
457
389
458
390
459
391
460
392
461
393
462
394
463
395
464
396
465
397
466
398
467
399
468
400
469
401
470
402
471
403
472
404
473
405
474
406
475
407
476
408
477
409
478
410
479
411
480
412
481
413
482
414
483
415
484
416
485
417
486
418
487
419
488
489
421
490
5249
422
491
423
492
424
493
425
494
426
495
427
496
428
497
429
498
430
499
431
500
432
501
433
502
434
503
435
504
436
505
437
506
438
507
439
508
440
509
441
510
442
511
443
512
444
513
445
514
446
515
447
516
448
517
449
518
450
519
451
520
452
521
453
522
454
523
455
524
456
525
457
526
458
527
459
528
460
529
461
530
462
531
463
532
464
533
465
534
466
535
467
536
468
537
469
538
470
539
471
540
472
541
473
542
474
543
475
544
476
545
477
546
478
547
479
548
480
549
481
550
482
551
483
552
484
553
485
554
486
555
487
556
488
557
489
558
559
491
560
5299
492
561
493
562
494
563
495
564
496
565
497
566
498
567
499
568
500
569
501
570
502
571
503
572
504
573
505
574
506
575
507
576
508
577
509
578
510
579
511
580
512
581
513
582
514
583
515
584
516
585
517
586
518
587
519
588
520
589
521
590
522
591
523
592
524
593
525
594
526
595
527
596
528
597
529
598
530
599
531
600
532
601
533
602
534
603
535
604
536
605
537
606
538
607
539
608
540
609
541
610
542
611
543
612
544
613
545
614
546
615
547
616
548
617
549
618
550
619
551
620
552
621
553
622
554
623
555
624
556
625
557
626
558
627
559
628
629
561
630
5349
562
631
563
632
564
633
565
634
566
635
567
636
568
637
569
638
570
639
571
640
572
641
573
642
574
643
575
644
576
645
577
646
578
647
579
648
580
649
581
650
582
651
583
652
584
653
585
654
586
655
587
656
588
657
589
658
590
659
591
660
592
661
593
662
594
663
595
664
596
665
597
666
598
667
599
668
600
669
601
670
602
671
603
672
604
673
605
674
606
675
607
676
608
677
609
678
610
679
611
680
612
681
613
682
614
683
615
684
616
685
617
686
618
687
619
688
620
689
621
690
622
691
623
692
624
693
625
694
626
695
627
696
628
697
629
698
699
631
700
5399
632
701
633
702
634
703
635
704
636
705
637
706
638
707
639
708
640
709
641
710
642
711
643
712
644
713
645
714
646
715
647
716
648
717
649
718
650
719
651
720
652
721
653
722
654
723
655
724
656
725
657
726
658
727
659
728
660
729
661
730
662
731
663
732
664
733
665
734
666
735
667
736
668
737
669
738
670
739
671
740
672
741
673
742
674
743
675
744
676
745
677
746
678
747
679
748
680
749
681
750
682
751
683
752
684
753
685
754
686
755
687
756
688
757
689
758
690
759
691
760
692
761
693
762
694
763
695
764
696
765
697
766
698
767
699
768
769
701
770
5449
702
771
703
772
704
773
705
774
706
775
707
776
708
777
709
778
710
779
711
780
712
781
713
782
714
783
715
784
716
785
717
786
718
787
719
788
720
789
721
790
722
791
723
792
724
793
725
794
726
795
727
796
728
797
729
798
730
799
731
800
732
801
733
802
734
803
735
804
736
805
737
806
738
807
739
808
740
809
741
810
742
811
743
812
744
813
745
814
746
815
747
816
748
817
749
818
750
819
751
820
752
821
753
822
754
823
755
824
756
825
757
826
758
827
759
828
760
829
761
830
762
831
763
832
764
833
765
834
766
835
767
836
768
837
769
838
839
771
840
5499
772
841
773
842
774
843
775
844
776
845
777
846
778
847
779
848
780
849
781
850
782
851
783
852
784
853
785
854
786
855
787
856
788
857
789
858
790
859
791
860
792
861
793
862
794
863
795
864
796
865
797
866
798
867
799
868
800
869
801
870
802
871
803
872
804
873
805
874
806
875
807
876
808
877
809
878
810
879
811
880
812
881
813
882
814
883
815
884
816
885
817
886
818
887
819
888
820
889
821
890
822
891
823
892
824
893
825
894
826
895
827
896
828
897
829
898
830
899
831
900
832
901
833
902
834
903
835
904
836
905
837
906
838
907
839
908
909
841
910
5549
842
911
843
912
844
913
845
914
846
915
847
916
848
917
849
918
850
919
851
920
852
921
853
922
854
923
855
924
856
925
857
926
858
927
859
928
860
929
861
930
862
931
863
932
864
933
865
934
866
935
867
936
868
937
869
938
870
939
871
940
872
941
873
942
874
943
875
944
876
945
877
946
878
947
879
948
880
949
881
950
882
951
883
952
884
953
885
954
886
955
887
956
888
957
889
958
890
959
891
960
892
961
893
962
894
963
895
964
896
965
897
966
898
967
899
968
900
969
901
970
902
971
903
972
904
973
905
974
906
975
907
976
908
977
909
978
979
911
980
5599
912
981
913
982
914
983
915
984
916
985
917
986
918
987
919
988
920
989
921
990
922
991
923
992
924
993
925
994
926
995
927
996
928
997
929
998
930
999
931
1000
932
1001
933
1002
934
1003
935
1004
936
1005
937
1006
938
1007
939
1008
940
1009
941
1010
942
1011
943
1012
944
1013
945
1014
946
1015
947
1016
948
1017
949
1018
950
1019
951
1020
952
1021
953
1022
954
1023
955
1024
956
1025
957
1026
958
1027
959
1028
960
1029
961
1030
962
1031
963
1032
964
1033
965
1034
966
1035
967
1036
968
1037
969
1038
970
1039
971
1040
972
1041
973
1042
974
1043
975
1044
976
1045
977
1046
978
1047
979
1048
1049
981
1050
5649
982
1051
983
1052
984
1053
985
1054
986
1055
987
1056
988
1057
989
1058
990
1059
991
1060
992
1061
993
1062
994
1063
995
1064
996
1065
997
1066
998
1067
999
1068
1000
1069
1001
1070
1002
1071
1003
1072
1004
1073
1005
1074
1006
1075
1007
1076
1008
1077
1009
1078
1010
1079
1011
1080
1012
1081
1013
1082
1014
1083
1015
1084
1016
1085
1017
1086
1018
1087
1019
1088
1020
1089
1021
1090
1022
1091
1023
1092
1024
1093
1025
1094
1026
1095
1027
1096
1028
1097
1029
1098
1030
1099
1031
1100
1032
1101
1033
1102
1034
1103
1035
1104
1036
1105
1037
1106
1038
1107
1039
1108
1040
1109
1041
1110
1042
1111
1043
1112
1044
1113
1045
1114
1046
1115
1047
1116
1048
1117
1049
1118
1119
1051
1120
5699
1052
1121
1053
1122
1054
1123
1055
1124
1056
1125
1057
1126
1058
1127
1059
1128
1060
1129
1061
1130
1062
1131
1063
1132
1064
1133
1065
1134
1066
1135
1067
1136
1068
1137
1069
1138
1070
1139
1071
1140
1072
1141
1073
1142
1074
1143
1075
1144
1076
1145
1077
1146
1078
1147
1079
1148
1080
1149
1081
1150
1082
1151
1083
1152
1084
1153
1085
1154
1086
1155
1087
1156
1088
1157
1089
1158
1090
1159
1091
1160
1092
1161
1093
1162
1094
1163
1095
1164
1096
1165
1097
1166
1098
1167
1099
1168
1100
1169
1101
1170
1102
1171
1103
1172
1104
1173
1105
1174
1106
1175
1107
1176
1108
1177
1109
1178
1110
1179
1111
1180
1112
1181
1113
1182
1114
1183
1115
1184
1116
1185
1117
1186
1118
1187
1119
1188
1189
1121
1190
5749
1122
1191
1123
1192
1124
1193
1125
1194
1126
1195
1127
1196
1128
1197
1129
1198
1130
1199
1131
1200
1132
1201
1133
1202
1134
1203
1135
1204
1136
1205
1137
1206
1138
1207
1139
1208
1140
1209
1141
1210
1142
1211
1143
1212
1144
1213
1145
1214
1146
1215
1147
1216
1148
1217
1149
1218
1150
1219
1151
1220
1152
1221
1153
1222
1154
1223
1155
1224
1156
1225
1157
1226
1158
1227
1159
1228
1160
1229
1161
1230
1162
1231
1163
1232
1164
1233
1165
1234
1166
1235
1167
1236
1168
1237
1169
1238
1170
1239
1171
1240
1172
1241
1173
1242
1174
1243
1175
1244
1176
1245
1177
1246
1178
1247
1179
1248
1180
1249
1181
1250
1182
1251
1183
1252
1184
1253
1185
1254
1186
1255
1187
1256
1188
1257
1189
1258
1259
1191
1260
5799
1192
1261
1193
1262
1194
1263
1195
1264
1196
1265
1197
1266
1198
1267
1199
1268
1200
1269
1201
1270
1202
1271
1203
1272
1204
1273
1205
1274
1206
1275
1207
1276
1208
1277
1209
1278
1210
1279
1211
1280
1212
1281
1213
1282
1214
1283
1215
1284
1216
1285
1217
1286
1218
1287
1219
1288
1220
1289
1221
1290
1222
1291
1223
1292
1224
1293
1225
1294
1226
1295
1227
1296
1228
1297
1229
1298
1230
1299
1231
1300
1232
1301
1233
1302
1234
1303
1235
1304
1236
1305
1237
1306
1238
1307
1239
1308
1240
1309
1241
1310
1242
1311
1243
1312
1244
1313
1245
1314
1246
1315
1247
1316
1248
1317
1249
1318
1250
1319
1251
1320
1252
1321
1253
1322
1254
1323
1255
1324
1256
1325
1257
1326
1258
1327
1259
1328
1329
1261
1330
5849
1262
1331
1263
1332
1264
1333
1265
1334
1266
1335
1267
1336
1268
1337
1269
1338
1270
1339
1271
1340
1272
1341
1273
1342
1274
1343
1275
1344
1276
1345
1277
1346
1278
1347
1279
1348
1280
1349
1281
1350
1282
1351
1283
1352
1284
1353
1285
1354
1286
1355
1287
1356
1288
1357
1289
1358
1290
1359
1291
1360
1292
1361
1293
1362
1294
1363
1295
1364
1296
1365
1297
1366
1298
1367
1299
1368
1300
1369
1301
1370
1302
1371
1303
1372
1304
1373
1305
1374
1306
1375
1307
1376
1308
1377
1309
1378
1310
1379
1311
1380
1312
1381
1313
1382
1314
1383
1315
1384
1316
1385
1317
1386
1318
1387
1319
1388
1320
1389
1321
1390
1322
1391
1323
1392
1324
1393
1325
1394
1326
1395
1327
1396
1328
1397
1329
1398
1399
1331
1400
5899
1332
1401
1333
1402
1334
1403
1335
1404
1336
1405
1337
1406
1338
1407
1339
1408
1340
1409
1341
1410
1342
1411
1343
1412
1344
1413
1345
1414
1346
1415
1347
1416
1348
1417
1349
1418
1350
1419
1351
1420
1352
1421
1353
1422
1354
1423
1355
1424
1356
1425
1357
1426
1358
1427
1359
1428
1360
1429
1361
1430
1362
1431
1363
1432
1364
1433
1365
1434
1366
1435
1367
1436
1368
1437
1369
1438
1370
1439
1371
1440
1372
1441
1373
1442
1374
1443
1375
1444
1376
1445
1377
1446
1378
1447
1379
1448
1380
1449
1381
1450
1382
1451
1383
1452
1384
1453
1385
1454
1386
1455
1387
1456
1388
1457
1389
1458
1390
1459
1391
1460
1392
1461
1393
1462
1394
1463
1395
1464
1396
1465
1397
1466
1398
1467
1399
1468
1469
1401
1470
5949
1402
1471
1403
1472
1404
1473
1405
1474
1406
1475
1407
1476
1408
1477
1409
1478
1410
1479
1411
1480
1412
1481
1413
1482
1414
1483
1415
1484
1416
1485
1417
1486
1418
1487
1419
1488
1420
1489
1421
1490
1422
1491
1423
1492
1424
1493
1425
1494
1426
1495
1427
1496
1428
1497
1429
1498
1430
1499
1431
1500
1432
1501
1433
1502
1434
1503
1435
1504
1436
1505
1437
1506
1438
1507
1439
1508
1440
1509
1441
1510
1442
1511
1443
1512
1444
1513
1445
1514
1446
1515
1447
1516
1448
1517
1449
1518
1450
1519
1451
1520
1452
1521
1453
1522
1454
1523
1455
1524
1456
1525
1457
1526
1458
1527
1459
1528
1460
1529
1461
1530
1462
1531
1463
1532
1464
1533
1465
1534
1466
1535
1467
1536
1468
1537
1469
1538
1539
1471
1540
5999
1472
1541
1473
1542
1474
1543
1475
1544
1476
1545
1477
1546
1478
1547
1479
1548
1480
1549
1481
1550
1482
1551
1483
1552
1484
1553
1485
1554
1486
1555
1487
1556
1488
1557
1489
1558
1490
1559
1491
1560
1492
1561
1493
1562
1494
1563
1495
1564
1496
1565
1497
1566
1498
1567
1499
1568
1500
1569
1501
1570
1502
1571
1503
1572
1504
1573
1505
1574
1506
1575
1507
1576
1508
1577
1509
1578
1510
1579
1511
1580
1512
1581
1513
1582
1514
1583
1515
1584
1516
1585
1517
1586
1518
1587
1519
1588
1520
1589
1521
1590
1522
1591
1523
1592
1524
1593
1525
1594
1526
1595
1527
1596
1528
1597
1529
1598
1530
1599
1531
1600
1532
1601
1533
1602
1534
1603
1535
1604
1536
1605
1537
1606
1538
1607
1539
1608
1609
1541
1610
6049
1542
1611
1543
1612
1544
1613
1545
1614
1546
1615
1547
1616
1548
1617
1549
1618
1550
1619
1551
1620
1552
1621
1553
1622
1554
1623
1555
1624
1556
1625
1557
1626
1558
1627
1559
1628
1560
1629
1561
1630
1562
1631
1563
1632
1564
1633
1565
1634
1566
1635
1567
1636
1568
1637
1569
1638
1570
1639
1571
1640
1572
1641
1573
1642
1574
1643
1575
1644
1576
1645
1577
1646
1578
1647
1579
1648
1580
1649
1581
1650
1582
1651
1583
1652
1584
1653
1585
1654
1586
1655
1587
1656
1588
1657
1589
1658
1590
1659
1591
1660
1592
1661
1593
1662
1594
1663
1595
1664
1596
1665
1597
1666
1598
1667
1599
1668
1600
1669
1601
1670
1602
1671
1603
1672
1604
1673
1605
1674
1606
1675
1607
1676
1608
1677
1609
1678
1679
1611
1680
6099
1612
1681
1613
1682
1614
1683
1615
1684
1616
1685
1617
1686
1618
1687
1619
1688
1620
1689
1621
1690
1622
1691
1623
1692
1624
1693
1625
1694
1626
1695
1627
1696
1628
1697
1629
1698
1630
1699
1631
1700
1632
1701
1633
1702
1634
1703
1635
1704
1636
1705
1637
1706
1638
1707
1639
1708
1640
1709
1641
1710
1642
1711
1643
1712
1644
1713
1645
1714
1646
1715
1647
1716
1648
1717
1649
1718
1650
1719
1651
1720
1652
1721
1653
1722
1654
1723
1655
1724
1656
1725
1657
1726
1658
1727
1659
1728
1660
1729
1661
1730
1662
1731
1663
1732
1664
1733
1665
1734
1666
1735
1667
1736
1668
1737
1669
1738
1670
1739
1671
1740
1672
1741
1673
1742
1674
1743
1675
1744
1676
1745
1677
1746
1678
1747
1679
1748
1749
1681
1750
6149
1682
1751
1683
1752
1684
1753
1685
1754
1686
1755
1687
1756
1688
1757
1689
1758
1690
1759
1691
1760
1692
1761
1693
1762
1694
1763
1695
1764
1696
1765
1697
1766
1698
1767
1699
1768
1700
1769
1701
1770
1702
1771
1703
1772
1704
1773
1705
1774
1706
1775
1707
1776
1708
1777
1709
1778
1710
1779
1711
1780
1712
1781
1713
1782
1714
1783
1715
1784
1716
1785
1717
1786
1718
1787
1719
1788
1720
1789
1721
1790
1722
1791
1723
1792
1724
1793
1725
1794
1726
1795
1727
1796
1728
1797
1729
1798
1730
1799
1731
1800
1732
1801
1733
1802
1734
1803
1735
1804
1736
1805
1737
1806
1738
1807
1739
1808
1740
1809
1741
1810
1742
1811
1743
1812
1744
1813
1745
1814
1746
1815
1747
1816
1748
1817
1749
1818
1819
1751
1820
6199
1752
1821
1753
1822
1754
1823
1755
1824
1756
1825
1757
1826
1758
1827
1759
1828
1760
1829
1761
1830
1762
1831
1763
1832
1764
1833
1765
1834
1766
1835
1767
1836
1768
1837
1769
1838
1770
1839
1771
1840
1772
1841
1773
1842
1774
1843
1775
1844
1776
1845
1777
1846
1778
1847
1779
1848
1780
1849
1781
1850
1782
1851
1783
1852
1784
1853
1785
1854
1786
1855
1787
1856
1788
1857
1789
1858
1790
1859
1791
1860
1792
1861
1793
1862
1794
1863
1795
1864
1796
1865
1797
1866
1798
1867
1799
1868
1800
1869
1801
1870
1802
1871
1803
1872
1804
1873
1805
1874
1806
1875
1807
1876
1808
1877
1809
1878
1810
1879
1811
1880
1812
1881
1813
1882
1814
1883
1815
1884
1816
1885
1817
1886
1818
1887
1819
1888
1889
1821
1890
6249
1822
1891
1823
1892
1824
1893
1825
1894
1826
1895
1827
1896
1828
1897
1829
1898
1830
1899
1831
1900
1832
1901
1833
1902
1834
1903
1835
1904
1836
1905
1837
1906
1838
1907
1839
1908
1840
1909
1841
1910
1842
1911
1843
1912
1844
1913
1845
1914
1846
1915
1847
1916
1848
1917
1849
1918
1850
1919
1851
1920
1852
1921
1853
1922
1854
1923
1855
1924
1856
1925
1857
1926
1858
1927
1859
1928
1860
1929
1861
1930
1862
1931
1863
1932
1864
1933
1865
1934
1866
1935
1867
1936
1868
1937
1869
1938
1870
1939
1871
1940
1872
1941
1873
1942
1874
1943
1875
1944
1876
1945
1877
1946
1878
1947
1879
1948
1880
1949
1881
1950
1882
1951
1883
1952
1884
1953
1885
1954
1886
1955
1887
1956
1888
1957
1889
1958
1959
1891
1960
6299
1892
1961
1893
1962
1894
1963
1895
1964
1896
1965
1897
1966
1898
1967
1899
1968
1900
1969
1901
1970
1902
1971
1903
1972
1904
1973
1905
1974
1906
1975
1907
1976
1908
1977
1909
1978
1910
1979
1911
1980
1912
1981
1913
1982
1914
1983
1915
1984
1916
1985
1917
1986
1918
1987
1919
1988
1920
1989
1921
1990
1922
1991
1923
1992
1924
1993
1925
1994
1926
1995
1927
1996
1928
1997
1929
1998
1930
1999
1931
2000
1932
2001
1933
2002
1934
2003
1935
2004
1936
2005
1937
2006
1938
2007
1939
2008
1940
2009
1941
2010
1942
2011
1943
2012
1944
2013
1945
2014
1946
2015
1947
2016
1948
2017
1949
2018
1950
2019
1951
2020
1952
2021
1953
2022
1954
2023
1955
2024
1956
2025
1957
2026
1958
2027
1959
2028
2029
1961
2030
6349
1962
2031
1963
2032
1964
2033
1965
2034
1966
2035
1967
2036
1968
2037
1969
2038
1970
2039
1971
2040
1972
2041
1973
2042
1974
2043
1975
2044
1976
2045
1977
2046
1978
2047
1979
2048
1980
2049
1981
2050
1982
2051
1983
2052
1984
2053
1985
2054
1986
2055
1987
2056
1988
2057
1989
2058
1990
2059
1991
2060
1992
2061
1993
2062
1994
2063
1995
2064
1996
2065
1997
2066
1998
2067
1999
2068
2000
2069
2001
2070
2002
2071
2003
2072
2004
2073
2005
2074
2006
2075
2007
2076
2008
2077
2009
2078
2010
2079
2011
2080
2012
2081
2013
2082
2014
2083
2015
2084
2016
2085
2017
2086
2018
2087
2019
2088
2020
2089
2021
2090
2022
2091
2023
2092
2024
2093
2025
2094
2026
2095
2027
2096
2028
2097
2029
2098
2099
2031
2100
6399
2032
2101
2033
2102
2034
2103
2035
2104
2036
2105
2037
2106
2038
2107
2039
2108
2040
2109
2041
2110
2042
2111
2043
2112
2044
2113
2045
2114
2046
2115
2047
2116
2048
2117
2049
2118
2050
2119
2051
2120
2052
2121
2053
2122
2054
2123
2055
2124
2056
2125
2057
2126
2058
2127
2059
2128
2060
2129
2061
2130
2062
2131
2063
2132
2064
2133
2065
2134
2066
2135
2067
2136
2068
2137
2069
2138
2070
2139
2071
2140
2072
2141
2073
2142
2074
2143
2075
2144
2076
2145
2077
2146
2078
2147
2079
2148
2080
2149
2081
2150
2082
2151
2083
2152
2084
2153
2085
2154
2086
2155
2087
2156
2088
2157
2089
2158
2090
2159
2091
2160
2092
2161
2093
2162
2094
2163
2095
2164
2096
2165
2097
2166
2098
2167
2099
2168
2169
2101
2170
6449
2102
2171
2103
2172
2104
2173
2105
2174
2106
2175
2107
2176
2108
2177
2109
2178
2110
2179
2111
2180
2112
2181
2113
2182
2114
2183
2115
2184
2116
2185
2117
2186
2118
2187
2119
2188
2120
2189
2121
2190
2122
2191
2123
2192
2124
2193
2125
2194
2126
2195
2127
2196
2128
2197
2129
2198
2130
2199
2131
2200
2132
2201
2133
2202
2134
2203
2135
2204
2136
2205
2137
2206
2138
2207
2139
2208
2140
2209
2141
2210
2142
2211
2143
2212
2144
2213
2145
2214
2146
2215
2147
2216
2148
2217
2149
2218
2150
2219
2151
2220
2152
2221
2153
2222
2154
2223
2155
2224
2156
2225
2157
2226
2158
2227
2159
2228
2160
2229
2161
2230
2162
2231
2163
2232
2164
2233
2165
2234
2166
2235
2167
2236
2168
2237
2169
2238
2239
2171
2240
6499
2172
2241
2173
2242
2174
2243
2175
2244
2176
2245
2177
2246
2178
2247
2179
2248
2180
2249
2181
2250
2182
2251
2183
2252
2184
2253
2185
2254
2186
2255
2187
2256
2188
2257
2189
2258
2190
2259
2191
2260
2192
2261
2193
2262
2194
2263
2195
2264
2196
2265
2197
2266
2198
2267
2199
2268
2200
2269
2201
2270
2202
2271
2203
2272
2204
2273
2205
2274
2206
2275
2207
2276
2208
2277
2209
2278
2210
2279
2211
2280
2212
2281
2213
2282
2214
2283
2215
2284
2216
2285
2217
2286
2218
2287
2219
2288
2220
2289
2221
2290
2222
2291
2223
2292
2224
2293
2225
2294
2226
2295
2227
2296
2228
2297
2229
2298
2230
2299
2231
2300
2232
2301
2233
2302
2234
2303
2235
2304
2236
2305
2237
2306
2238
2307
2239
2308
2309
2241
2310
6549
2242
2311
2243
2312
2244
2313
2245
2314
2246
2315
2247
2316
2248
2317
2249
2318
2250
2319
2251
2320
2252
2321
2253
2322
2254
2323
2255
2324
2256
2325
2257
2326
2258
2327
2259
2328
2260
2329
2261
2330
2262
2331
2263
2332
2264
2333
2265
2334
2266
2335
2267
2336
2268
2337
2269
2338
2270
2339
2271
2340
2272
2341
2273
2342
2274
2343
2275
2344
2276
2345
2277
2346
2278
2347
2279
2348
2280
2349
2281
2350
2282
2351
2283
2352
2284
2353
2285
2354
2286
2355
2287
2356
2288
2357
2289
2358
2290
2359
2291
2360
2292
2361
2293
2362
2294
2363
2295
2364
2296
2365
2297
2366
2298
2367
2299
2368
2300
2369
2301
2370
2302
2371
2303
2372
2304
2373
2305
2374
2306
2375
2307
2376
2308
2377
2309
2378
2379
2311
2380
6599
2312
2381
2313
2382
2314
2383
2315
2384
2316
2385
2317
2386
2318
2387
2319
2388
2320
2389
2321
2390
2322
2391
2323
2392
2324
2393
2325
2394
2326
2395
2327
2396
2328
2397
2329
2398
2330
2399
2331
2400
2332
2401
2333
2402
2334
2403
2335
2404
2336
2405
2337
2406
2338
2407
2339
2408
2340
2409
2341
2410
2342
2411
2343
2412
2344
2413
2345
2414
2346
2415
2347
2416
2348
2417
2349
2418
2350
2419
2351
2420
2352
2421
2353
2422
2354
2423
2355
2424
2356
2425
2357
2426
2358
2427
2359
2428
2360
2429
2361
2430
2362
2431
2363
2432
2364
2433
2365
2434
2366
2435
2367
2436
2368
2437
2369
2438
2370
2439
2371
2440
2372
2441
2373
2442
2374
2443
2375
2444
2376
2445
2377
2446
2378
2447
2379
2448
2449
2381
2450
6649
2382
2451
2383
2452
2384
2453
2385
2454
2386
2455
2387
2456
2388
2457
2389
2458
2390
2459
2391
2460
2392
2461
2393
2462
2394
2463
2395
2464
2396
2465
2397
2466
2398
2467
2399
2468
2400
2469
2401
2470
2402
2471
2403
2472
2404
2473
2405
2474
2406
2475
2407
2476
2408
2477
2409
2478
2410
2479
2411
2480
2412
2481
2413
2482
2414
2483
2415
2484
2416
2485
2417
2486
2418
2487
2419
2488
2420
2489
2421
2490
2422
2491
2423
2492
2424
2493
2425
2494
2426
2495
2427
2496
2428
2497
2429
2498
2430
2499
2431
2500
2432
2501
2433
2502
2434
2503
2435
2504
2436
2505
2437
2506
2438
2507
2439
2508
2440
2509
2441
2510
2442
2511
2443
2512
2444
2513
2445
2514
2446
2515
2447
2516
2448
2517
2449
2518
2519
2451
2520
6699
2452
2521
2453
2522
2454
2523
2455
2524
2456
2525
2457
2526
2458
2527
2459
2528
2460
2529
2461
2530
2462
2531
2463
2532
2464
2533
2465
2534
2466
2535
2467
2536
2468
2537
2469
2538
2470
2539
2471
2540
2472
2541
2473
2542
2474
2543
2475
2544
2476
2545
2477
2546
2478
2547
2479
2548
2480
2549
2481
2550
2482
2551
2483
2552
2484
2553
2485
2554
2486
2555
2487
2556
2488
2557
2489
2558
2490
2559
2491
2560
2492
2561
2493
2562
2494
2563
2495
2564
2496
2565
2497
2566
2498
2567
2499
2568
2500
2569
2501
2570
2502
2571
2503
2572
2504
2573
2505
2574
2506
2575
2507
2576
2508
2577
2509
2578
2510
2579
2511
2580
2512
2581
2513
2582
2514
2583
2515
2584
2516
2585
2517
2586
2518
2587
2519
2588
2589
2521
2590
6749
2522
2591
2523
2592
2524
2593
2525
2594
2526
2595
2527
2596
2528
2597
2529
2598
2530
2599
2531
2600
2532
2601
2533
2602
2534
2603
2535
2604
2536
2605
2537
2606
2538
2607
2539
2608
2540
2609
2541
2610
2542
2611
2543
2612
2544
2613
2545
2614
2546
2615
2547
2616
2548
2617
2549
2618
2550
2619
2551
2620
2552
2621
2553
2622
2554
2623
2555
2624
2556
2625
2557
2626
2558
2627
2559
2628
2560
2629
2561
2630
2562
2631
2563
2632
2564
2633
2565
2634
2566
2635
2567
2636
2568
2637
2569
2638
2570
2639
2571
2640
2572
2641
2573
2642
2574
2643
2575
2644
2576
2645
2577
2646
2578
2647
2579
2648
2580
2649
2581
2650
2582
2651
2583
2652
2584
2653
2585
2654
2586
2655
2587
2656
2588
2657
2589
2658
2659
2591
2660
6799
2592
2661
2593
2662
2594
2663
2595
2664
2596
2665
2597
2666
2598
2667
2599
2668
2600
2669
2601
2670
2602
2671
2603
2672
2604
2673
2605
2674
2606
2675
2607
2676
2608
2677
2609
2678
2610
2679
2611
2680
2612
2681
2613
2682
2614
2683
2615
2684
2616
2685
2617
2686
2618
2687
2619
2688
2620
2689
2621
2690
2622
2691
2623
2692
2624
2693
2625
2694
2626
2695
2627
2696
2628
2697
2629
2698
2630
2699
2631
2700
2632
2701
2633
2702
2634
2703
2635
2704
2636
2705
2637
2706
2638
2707
2639
2708
2640
2709
2641
2710
2642
2711
2643
2712
2644
2713
2645
2714
2646
2715
2647
2716
2648
2717
2649
2718
2650
2719
2651
2720
2652
2721
2653
2722
2654
2723
2655
2724
2656
2725
2657
2726
2658
2727
2659
2728
2729
2661
2730
6849
2662
2731
2663
2732
2664
2733
2665
2734
2666
2735
2667
2736
2668
2737
2669
2738
2670
2739
2671
2740
2672
2741
2673
2742
2674
2743
2675
2744
2676
2745
2677
2746
2678
2747
2679
2748
2680
2749
2681
2750
2682
2751
2683
2752
2684
2753
2685
2754
2686
2755
2687
2756
2688
2757
2689
2758
2690
2759
2691
2760
2692
2761
2693
2762
2694
2763
2695
2764
2696
2765
2697
2766
2698
2767
2699
2768
2700
2769
2701
2770
2702
2771
2703
2772
2704
2773
2705
2774
2706
2775
2707
2776
2708
2777
2709
2778
2710
2779
2711
2780
2712
2781
2713
2782
2714
2783
2715
2784
2716
2785
2717
2786
2718
2787
2719
2788
2720
2789
2721
2790
2722
2791
2723
2792
2724
2793
2725
2794
2726
2795
2727
2796
2728
2797
2729
2798
2799
2731
2800
6899
2732
2801
2733
2802
2734
2803
2735
2804
2736
2805
2737
2806
2738
2807
2739
2808
2740
2809
2741
2810
2742
2811
2743
2812
2744
2813
2745
2814
2746
2815
2747
2816
2748
2817
2749
2818
2750
2819
2751
2820
2752
2821
2753
2822
2754
2823
2755
2824
2756
2825
2757
2826
2758
2827
2759
2828
2760
2829
2761
2830
2762
2831
2763
2832
2764
2833
2765
2834
2766
2835
2767
2836
2768
2837
2769
2838
2770
2839
2771
2840
2772
2841
2773
2842
2774
2843
2775
2844
2776
2845
2777
2846
2778
2847
2779
2848
2780
2849
2781
2850
2782
2851
2783
2852
2784
2853
2785
2854
2786
2855
2787
2856
2788
2857
2789
2858
2790
2859
2791
2860
2792
2861
2793
2862
2794
2863
2795
2864
2796
2865
2797
2866
2798
2867
2799
2868
2869
2801
2870
6949
2802
2871
2803
2872
2804
2873
2805
2874
2806
2875
2807
2876
2808
2877
2809
2878
2810
2879
2811
2880
2812
2881
2813
2882
2814
2883
2815
2884
2816
2885
2817
2886
2818
2887
2819
2888
2820
2889
2821
2890
2822
2891
2823
2892
2824
2893
2825
2894
2826
2895
2827
2896
2828
2897
2829
2898
2830
2899
2831
2900
2832
2901
2833
2902
2834
2903
2835
2904
2836
2905
2837
2906
2838
2907
2839
2908
2840
2909
2841
2910
2842
2911
2843
2912
2844
2913
2845
2914
2846
2915
2847
2916
2848
2917
2849
2918
2850
2919
2851
2920
2852
2921
2853
2922
2854
2923
2855
2924
2856
2925
2857
2926
2858
2927
2859
2928
2860
2929
2861
2930
2862
2931
2863
2932
2864
2933
2865
2934
2866
2935
2867
2936
2868
2937
2869
2938
2939
2871
2940
6999
2872
2941
2873
2942
2874
2943
2875
2944
2876
2945
2877
2946
2878
2947
2879
2948
2880
2949
2881
2950
2882
2951
2883
2952
2884
2953
2885
2954
2886
2955
2887
2956
2888
2957
2889
2958
2890
2959
2891
2960
2892
2961
2893
2962
2894
2963
2895
2964
2896
2965
2897
2966
2898
2967
2899
2968
2900
2969
2901
2970
2902
2971
2903
2972
2904
2973
2905
2974
2906
2975
2907
2976
2908
2977
2909
2978
2910
2979
2911
2980
2912
2981
2913
2982
2914
2983
2915
2984
2916
2985
2917
2986
2918
2987
2919
2988
2920
2989
2921
2990
2922
2991
2923
2992
2924
2993
2925
2994
2926
2995
2927
2996
2928
2997
2929
2998
2930
2999
2931
3000
2932
3001
2933
3002
2934
3003
2935
3004
2936
3005
2937
3006
2938
3007
2939
3008
3009
2941
3010
7049
2942
3011
2943
3012
2944
3013
2945
3014
2946
3015
2947
3016
2948
3017
2949
3018
2950
3019
2951
3020
2952
3021
2953
3022
2954
3023
2955
3024
2956
3025
2957
3026
2958
3027
2959
3028
2960
3029
2961
3030
2962
3031
2963
3032
2964
3033
2965
3034
2966
3035
2967
3036
2968
3037
2969
3038
2970
3039
2971
3040
2972
3041
2973
3042
2974
3043
2975
3044
2976
3045
2977
3046
2978
3047
2979
3048
2980
3049
2981
3050
2982
3051
2983
3052
2984
3053
2985
3054
2986
3055
2987
3056
2988
3057
2989
3058
2990
3059
2991
3060
2992
3061
2993
3062
2994
3063
2995
3064
2996
3065
2997
3066
2998
3067
2999
3068
3000
3069
3001
3070
3002
3071
3003
3072
3004
3073
3005
3074
3006
3075
3007
3076
3008
3077
3009
3078
3079
3011
3080
7099
3012
3081
3013
3082
3014
3083
3015
3084
3016
3085
3017
3086
3018
3087
3019
3088
3020
3089
3021
3090
3022
3091
3023
3092
3024
3093
3025
3094
3026
3095
3027
3096
3028
3097
3029
3098
3030
3099
3031
3100
3032
3101
3033
3102
3034
3103
3035
3104
3036
3105
3037
3106
3038
3107
3039
3108
3040
3109
3041
3110
3042
3111
3043
3112
3044
3113
3045
3114
3046
3115
3047
3116
3048
3117
3049
3118
3050
3119
3051
3120
3052
3121
3053
3122
3054
3123
3055
3124
3056
3125
3057
3126
3058
3127
3059
3128
3060
3129
3061
3130
3062
3131
3063
3132
3064
3133
3065
3134
3066
3135
3067
3136
3068
3137
3069
3138
3070
3139
3071
3140
3072
3141
3073
3142
3074
3143
3075
3144
3076
3145
3077
3146
3078
3147
3079
3148
3149
3081
3150
7149
3082
3151
3083
3152
3084
3153
3085
3154
3086
3155
3087
3156
3088
3157
3089
3158
3090
3159
3091
3160
3092
3161
3093
3162
3094
3163
3095
3164
3096
3165
3097
3166
3098
3167
3099
3168
3100
3169
3101
3170
3102
3171
3103
3172
3104
3173
3105
3174
3106
3175
3107
3176
3108
3177
3109
3178
3110
3179
3111
3180
3112
3181
3113
3182
3114
3183
3115
3184
3116
3185
3117
3186
3118
3187
3119
3188
3120
3189
3121
3190
3122
3191
3123
3192
3124
3193
3125
3194
3126
3195
3127
3196
3128
3197
3129
3198
3130
3199
3131
3200
3132
3201
3133
3202
3134
3203
3135
3204
3136
3205
3137
3206
3138
3207
3139
3208
3140
3209
3141
3210
3142
3211
3143
3212
3144
3213
3145
3214
3146
3215
3147
3216
3148
3217
3149
3218
3219
3151
3220
7199
3152
3221
3153
3222
3154
3223
3155
3224
3156
3225
3157
3226
3158
3227
3159
3228
3160
3229
3161
3230
3162
3231
3163
3232
3164
3233
3165
3234
3166
3235
3167
3236
3168
3237
3169
3238
3170
3239
3171
3240
3172
3241
3173
3242
3174
3243
3175
3244
3176
3245
3177
3246
3178
3247
3179
3248
3180
3249
3181
3250
3182
3251
3183
3252
3184
3253
3185
3254
3186
3255
3187
3256
3188
3257
3189
3258
3190
3259
3191
3260
3192
3261
3193
3262
3194
3263
3195
3264
3196
3265
3197
3266
3198
3267
3199
3268
3200
3269
3201
3270
3202
3271
3203
3272
3204
3273
3205
3274
3206
3275
3207
3276
3208
3277
3209
3278
3210
3279
3211
3280
3212
3281
3213
3282
3214
3283
3215
3284
3216
3285
3217
3286
3218
3287
3219
3288
3289
3221
3290
7249
3222
3291
3223
3292
3224
3293
3225
3294
3226
3295
3227
3296
3228
3297
3229
3298
3230
3299
3231
3300
3232
3301
3233
3302
3234
3303
3235
3304
3236
3305
3237
3306
3238
3307
3239
3308
3240
3309
3241
3310
3242
3311
3243
3312
3244
3313
3245
3314
3246
3315
3247
3316
3248
3317
3249
3318
3250
3319
3251
3320
3252
3321
3253
3322
3254
3323
3255
3324
3256
3325
3257
3326
3258
3327
3259
3328
3260
3329
3261
3330
3262
3331
3263
3332
3264
3333
3265
3334
3266
3335
3267
3336
3268
3337
3269
3338
3270
3339
3271
3340
3272
3341
3273
3342
3274
3343
3275
3344
3276
3345
3277
3346
3278
3347
3279
3348
3280
3349
3281
3350
3282
3351
3283
3352
3284
3353
3285
3354
3286
3355
3287
3356
3288
3357
3289
3358
3359
3291
3360
7299
3292
3361
3293
3362
3294
3363
3295
3364
3296
3365
3297
3366
3298
3367
3299
3368
3300
3369
3301
3370
3302
3371
3303
3372
3304
3373
3305
3374
3306
3375
3307
3376
3308
3377
3309
3378
3310
3379
3311
3380
3312
3381
3313
3382
3314
3383
3315
3384
3316
3385
3317
3386
3318
3387
3319
3388
3320
3389
3321
3390
3322
3391
3323
3392
3324
3393
3325
3394
3326
3395
3327
3396
3328
3397
3329
3398
3330
3399
3331
3400
3332
3401
3333
3402
3334
3403
3335
3404
3336
3405
3337
3406
3338
3407
3339
3408
3340
3409
3341
3410
3342
3411
3343
3412
3344
3413
3345
3414
3346
3415
3347
3416
3348
3417
3349
3418
3350
3419
3351
3420
3352
3421
3353
3422
3354
3423
3355
3424
3356
3425
3357
3426
3358
3427
3359
3428
3429
3361
3430
7349
3362
3431
3363
3432
3364
3433
3365
3434
3366
3435
3367
3436
3368
3437
3369
3438
3370
3439
3371
3440
3372
3441
3373
3442
3374
3443
3375
3444
3376
3445
3377
3446
3378
3447
3379
3448
3380
3449
3381
3450
3382
3451
3383
3452
3384
3453
3385
3454
3386
3455
3387
3456
3388
3457
3389
3458
3390
3459
3391
3460
3392
3461
3393
3462
3394
3463
3395
3464
3396
3465
3397
3466
3398
3467
3399
3468
3400
3469
3401
3470
3402
3471
3403
3472
3404
3473
3405
3474
3406
3475
3407
3476
3408
3477
3409
3478
3410
3479
3411
3480
3412
3481
3413
3482
3414
3483
3415
3484
3416
3485
3417
3486
3418
3487
3419
3488
3420
3489
3421
3490
3422
3491
3423
3492
3424
3493
3425
3494
3426
3495
3427
3496
3428
3497
3429
3498
3499
3431
3500
7399
3432
3501
3433
3502
3434
3503
3435
3504
3436
3505
3437
3506
3438
3507
3439
3508
3440
3509
3441
3510
3442
3511
3443
3512
3444
3513
3445
3514
3446
3515
3447
3516
3448
3517
3449
3518
3450
3519
3451
3520
3452
3521
3453
3522
3454
3523
3455
3524
3456
3525
3457
3526
3458
3527
3459
3528
3460
3529
3461
3530
3462
3531
3463
3532
3464
3533
3465
3534
3466
3535
3467
3536
3468
3537
3469
3538
3470
3539
3471
3540
3472
3541
3473
3542
3474
3543
3475
3544
3476
3545
3477
3546
3478
3547
3479
3548
3480
3549
3481
3550
3482
3551
3483
3552
3484
3553
3485
3554
3486
3555
3487
3556
3488
3557
3489
3558
3490
3559
3491
3560
3492
3561
3493
3562
3494
3563
3495
3564
3496
3565
3497
3566
3498
3567
3499
3568
3569
3501
3570
7449
3502
3571
3503
3572
3504
3573
3505
3574
3506
3575
3507
3576
3508
3577
3509
3578
3510
3579
3511
3580
3512
3581
3513
3582
3514
3583
3515
3584
3516
3585
3517
3586
3518
3587
3519
3588
3520
3589
3521
3590
3522
3591
3523
3592
3524
3593
3525
3594
3526
3595
3527
3596
3528
3597
3529
3598
3530
3599
3531
3600
3532
3601
3533
3602
3534
3603
3535
3604
3536
3605
3537
3606
3538
3607
3539
3608
3540
3609
3541
3610
3542
3611
3543
3612
3544
3613
3545
3614
3546
3615
3547
3616
3548
3617
3549
3618
3550
3619
3551
3620
3552
3621
3553
3622
3554
3623
3555
3624
3556
3625
3557
3626
3558
3627
3559
3628
3560
3629
3561
3630
3562
3631
3563
3632
3564
3633
3565
3634
3566
3635
3567
3636
3568
3637
3569
3638
3639
3571
3640
7499
3572
3641
3573
3642
3574
3643
3575
3644
3576
3645
3577
3646
3578
3647
3579
3648
3580
3649
3581
3650
3582
3651
3583
3652
3584
3653
3585
3654
3586
3655
3587
3656
3588
3657
3589
3658
3590
3659
3591
3660
3592
3661
3593
3662
3594
3663
3595
3664
3596
3665
3597
3666
3598
3667
3599
3668
3600
3669
3601
3670
3602
3671
3603
3672
3604
3673
3605
3674
3606
3675
3607
3676
3608
3677
3609
3678
3610
3679
3611
3680
3612
3681
3613
3682
3614
3683
3615
3684
3616
3685
3617
3686
3618
3687
3619
3688
3620
3689
3621
3690
3622
3691
3623
3692
3624
3693
3625
3694
3626
3695
3627
3696
3628
3697
3629
3698
3630
3699
3631
3700
3632
3701
3633
3702
3634
3703
3635
3704
3636
3705
3637
3706
3638
3707
3639
3708
3709
3641
3710
7549
3642
3711
3643
3712
3644
3713
3645
3714
3646
3715
3647
3716
3648
3717
3649
3718
3650
3719
3651
3720
3652
3721
3653
3722
3654
3723
3655
3724
3656
3725
3657
3726
3658
3727
3659
3728
3660
3729
3661
3730
3662
3731
3663
3732
3664
3733
3665
3734
3666
3735
3667
3736
3668
3737
3669
3738
3670
3739
3671
3740
3672
3741
3673
3742
3674
3743
3675
3744
3676
3745
3677
3746
3678
3747
3679
3748
3680
3749
3681
3750
3682
3751
3683
3752
3684
3753
3685
3754
3686
3755
3687
3756
3688
3757
3689
3758
3690
3759
3691
3760
3692
3761
3693
3762
3694
3763
3695
3764
3696
3765
3697
3766
3698
3767
3699
3768
3700
3769
3701
3770
3702
3771
3703
3772
3704
3773
3705
3774
3706
3775
3707
3776
3708
3777
3709
3778
3779
3711
3780
7599
3712
3781
3713
3782
3714
3783
3715
3784
3716
3785
3717
3786
3718
3787
3719
3788
3720
3789
3721
3790
3722
3791
3723
3792
3724
3793
3725
3794
3726
3795
3727
3796
3728
3797
3729
3798
3730
3799
3731
3800
3732
3801
3733
3802
3734
3803
3735
3804
3736
3805
3737
3806
3738
3807
3739
3808
3740
3809
3741
3810
3742
3811
3743
3812
3744
3813
3745
3814
3746
3815
3747
3816
3748
3817
3749
3818
3750
3819
3751
3820
3752
3821
3753
3822
3754
3823
3755
3824
3756
3825
3757
3826
3758
3827
3759
3828
3760
3829
3761
3830
3762
3831
3763
3832
3764
3833
3765
3834
3766
3835
3767
3836
3768
3837
3769
3838
3770
3839
3771
3840
3772
3841
3773
3842
3774
3843
3775
3844
3776
3845
3777
3846
3778
3847
3779
3848
3849
3781
3850
7649
3782
3851
3783
3852
3784
3853
3785
3854
3786
3855
3787
3856
3788
3857
3789
3858
3790
3859
3791
3860
3792
3861
3793
3862
3794
3863
3795
3864
3796
3865
3797
3866
3798
3867
3799
3868
3800
3869
3801
3870
3802
3871
3803
3872
3804
3873
3805
3874
3806
3875
3807
3876
3808
3877
3809
3878
3810
3879
3811
3880
3812
3881
3813
3882
3814
3883
3815
3884
3816
3885
3817
3886
3818
3887
3819
3888
3820
3889
3821
3890
3822
3891
3823
3892
3824
3893
3825
3894
3826
3895
3827
3896
3828
3897
3829
3898
3830
3899
3831
3900
3832
3901
3833
3902
3834
3903
3835
3904
3836
3905
3837
3906
3838
3907
3839
3908
3840
3909
3841
3910
3842
3911
3843
3912
3844
3913
3845
3914
3846
3915
3847
3916
3848
3917
3849
3918
3919
3851
3920
7699
3852
3921
3853
3922
3854
3923
3855
3924
3856
3925
3857
3926
3858
3927
3859
3928
3860
3929
3861
3930
3862
3931
3863
3932
3864
3933
3865
3934
3866
3935
3867
3936
3868
3937
3869
3938
3870
3939
3871
3940
3872
3941
3873
3942
3874
3943
3875
3944
3876
3945
3877
3946
3878
3947
3879
3948
3880
3949
3881
3950
3882
3951
3883
3952
3884
3953
3885
3954
3886
3955
3887
3956
3888
3957
3889
3958
3890
3959
3891
3960
3892
3961
3893
3962
3894
3963
3895
3964
3896
3965
3897
3966
3898
3967
3899
3968
3900
3969
3901
3970
3902
3971
3903
3972
3904
3973
3905
3974
3906
3975
3907
3976
3908
3977
3909
3978
3910
3979
3911
3980
3912
3981
3913
3982
3914
3983
3915
3984
3916
3985
3917
3986
3918
3987
3919
3988
3989
3921
3990
7749
3922
3991
3923
3992
3924
3993
3925
3994
3926
3995
3927
3996
3928
3997
3929
3998
3930
3999
3931
4000
3932
4001
3933
4002
3934
4003
3935
4004
3936
4005
3937
4006
3938
4007
3939
4008
3940
4009
3941
4010
3942
4011
3943
4012
3944
4013
3945
4014
3946
4015
3947
4016
3948
4017
3949
4018
3950
4019
3951
4020
3952
4021
3953
4022
3954
4023
3955
4024
3956
4025
3957
4026
3958
4027
3959
4028
3960
4029
3961
4030
3962
4031
3963
4032
3964
4033
3965
4034
3966
4035
3967
4036
3968
4037
3969
4038
3970
4039
3971
4040
3972
4041
3973
4042
3974
4043
3975
4044
3976
4045
3977
4046
3978
4047
3979
4048
3980
4049
3981
4050
3982
4051
3983
4052
3984
4053
3985
4054
3986
4055
3987
4056
3988
4057
3989
4058
4059
3991
4060
7799
3992
4061
3993
4062
3994
4063
3995
4064
3996
4065
3997
4066
3998
4067
3999
4068
4000
4069
4001
4070
4002
4071
4003
4072
4004
4073
4005
4074
4006
4075
4007
4076
4008
4077
4009
4078
4010
4079
4011
4080
4012
4081
4013
4082
4014
4083
4015
4084
4016
4085
4017
4086
4018
4087
4019
4088
4020
4089
4021
4090
4022
4091
4023
4092
4024
4093
4025
4094
4026
4095
4027
4096
4028
4097
4029
4098
4030
4099
4031
4100
4032
4101
4033
4102
4034
4103
4035
4104
4036
4105
4037
4106
4038
4107
4039
4108
4040
4109
4041
4110
4042
4111
4043
4112
4044
4113
4045
4114
4046
4115
4047
4116
4048
4117
4049
4118
4050
4119
4051
4120
4052
4121
4053
4122
4054
4123
4055
4124
4056
4125
4057
4126
4058
4127
4059
4128
4129
4061
4130
7849
4062
4131
4063
4132
4064
4133
4065
4134
4066
4135
4067
4136
4068
4137
4069
4138
4070
4139
4071
4140
4072
4141
4073
4142
4074
4143
4075
4144
4076
4145
4077
4146
4078
4147
4079
4148
4080
4149
4081
4150
4082
4151
4083
4152
4084
4153
4085
4154
4086
4155
4087
4156
4088
4157
4089
4158
4090
4159
4091
4160
4092
4161
4093
4162
4094
4163
4095
4164
4096
4165
4097
4166
4098
4167
4099
4168
4100
4169
4101
4170
4102
4171
4103
4172
4104
4173
4105
4174
4106
4175
4107
4176
4108
4177
4109
4178
4110
4179
4111
4180
4112
4181
4113
4182
4114
4183
4115
4184
4116
4185
4117
4186
4118
4187
4119
4188
4120
4189
4121
4190
4122
4191
4123
4192
4124
4193
4125
4194
4126
4195
4127
4196
4128
4197
4129
4198
4199
4131
4200
7899
4132
4201
4133
4202
4134
4203
4135
4204
4136
4205
4137
4206
4138
4207
4139
4208
4140
4209
4141
4210
4142
4211
4143
4212
4144
4213
4145
4214
4146
4215
4147
4216
4148
4217
4149
4218
4150
4219
4151
4220
4152
4221
4153
4222
4154
4223
4155
4224
4156
4225
4157
4226
4158
4227
4159
4228
4160
4229
4161
4230
4162
4231
4163
4232
4164
4233
4165
4234
4166
4235
4167
4236
4168
4237
4169
4238
4170
4239
4171
4240
4172
4241
4173
4242
4174
4243
4175
4244
4176
4245
4177
4246
4178
4247
4179
4248
4180
4249
4181
4250
4182
4251
4183
4252
4184
4253
4185
4254
4186
4255
4187
4256
4188
4257
4189
4258
4190
4259
4191
4260
4192
4261
4193
4262
4194
4263
4195
4264
4196
4265
4197
4266
4198
4267
4199
4268
4269
4201
4270
7949
4202
4271
4203
4272
4204
4273
4205
4274
4206
4275
4207
4276
4208
4277
4209
4278
4210
4279
4211
4280
4212
4281
4213
4282
4214
4283
4215
4284
4216
4285
4217
4286
4218
4287
4219
4288
4220
4289
4221
4290
4222
4291
4223
4292
4224
4293
4225
4294
4226
4295
4227
4296
4228
4297
4229
4298
4230
4299
4231
4300
4232
4301
4233
4302
4234
4303
4235
4304
4236
4305
4237
4306
4238
4307
4239
4308
4240
4309
4241
4310
4242
4311
4243
4312
4244
4313
4245
4314
4246
4315
4247
4316
4248
4317
4249
4318
4250
4319
4251
4320
4252
4321
4253
4322
4254
4323
4255
4324
4256
4325
4257
4326
4258
4327
4259
4328
4260
4329
4261
4330
4262
4331
4263
4332
4264
4333
4265
4334
4266
4335
4267
4336
4268
4337
4269
4338
4339
4271
4340
7999
4272
4341
4273
4342
4274
4343
4275
4344
4276
4345
4277
4346
4278
4347
4279
4348
4280
4349
4281
4350
4282
4351
4283
4352
4284
4353
4285
4354
4286
4355
4287
4356
4288
4357
4289
4358
4290
4359
4291
4360
4292
4361
4293
4362
4294
4363
4295
4364
4296
4365
4297
4366
4298
4367
4299
4368
4300
4369
4301
4370
4302
4371
4303
4372
4304
4373
4305
4374
4306
4375
4307
4376
4308
4377
4309
4378
4310
4379
4311
4380
4312
4381
4313
4382
4314
4383
4315
4384
4316
4385
4317
4386
4318
4387
4319
4388
4320
4389
4321
4390
4322
4391
4323
4392
4324
4393
4325
4394
4326
4395
4327
4396
4328
4397
4329
4398
4330
4399
4331
4400
4332
4401
4333
4402
4334
4403
4335
4404
4336
4405
4337
4406
4338
4407
4339
4408
4409
4341
4410
8049
4342
4411
4343
4412
4344
4413
4345
4414
4346
4415
4347
4416
4348
4417
4349
4418
4350
4419
4351
4420
4352
4421
4353
4422
4354
4423
4355
4424
4356
4425
4357
4426
4358
4427
4359
4428
4360
4429
4361
4430
4362
4431
4363
4432
4364
4433
4365
4434
4366
4435
4367
4436
4368
4437
4369
4438
4370
4439
4371
4440
4372
4441
4373
4442
4374
4443
4375
4444
4376
4445
4377
4446
4378
4447
4379
4448
4380
4449
4381
4450
4382
4451
4383
4452
4384
4453
4385
4454
4386
4455
4387
4456
4388
4457
4389
4458
4390
4459
4391
4460
4392
4461
4393
4462
4394
4463
4395
4464
4396
4465
4397
4466
4398
4467
4399
4468
4400
4469
4401
4470
4402
4471
4403
4472
4404
4473
4405
4474
4406
4475
4407
4476
4408
4477
4409
4478
4479
4411
4480
8099
4412
4481
4413
4482
4414
4483
4415
4484
4416
4485
4417
4486
4418
4487
4419
4488
4420
4489
4421
4490
4422
4491
4423
4492
4424
4493
4425
4494
4426
4495
4427
4496
4428
4497
4429
4498
4430
4499
4431
4500
4432
4501
4433
4502
4434
4503
4435
4504
4436
4505
4437
4506
4438
4507
4439
4508
4440
4509
4441
4510
4442
4511
4443
4512
4444
4513
4445
4514
4446
4515
4447
4516
4448
4517
4449
4518
4450
4519
4451
4520
4452
4521
4453
4522
4454
4523
4455
4524
4456
4525
4457
4526
4458
4527
4459
4528
4460
4529
4461
4530
4462
4531
4463
4532
4464
4533
4465
4534
4466
4535
4467
4536
4468
4537
4469
4538
4470
4539
4471
4540
4472
4541
4473
4542
4474
4543
4475
4544
4476
4545
4477
4546
4478
4547
4479
4548
4549
4481
4550
8149
4482
4551
4483
4552
4484
4553
4485
4554
4486
4555
4487
4556
4488
4557
4489
4558
4490
4559
4491
4560
4492
4561
4493
4562
4494
4563
4495
4564
4496
4565
4497
4566
4498
4567
4499
4568
4500
4569
4501
4570
4502
4571
4503
4572
4504
4573
4505
4574
4506
4575
4507
4576
4508
4577
4509
4578
4510
4579
4511
4580
4512
4581
4513
4582
4514
4583
4515
4584
4516
4585
4517
4586
4518
4587
4519
4588
4520
4589
4521
4590
4522
4591
4523
4592
4524
4593
4525
4594
4526
4595
4527
4596
4528
4597
4529
4598
4530
4599
4531
4600
4532
4601
4533
4602
4534
4603
4535
4604
4536
4605
4537
4606
4538
4607
4539
4608
4540
4609
4541
4610
4542
4611
4543
4612
4544
4613
4545
4614
4546
4615
4547
4616
4548
4617
4549
4618
4619
4551
4620
8199
4552
4621
4553
4622
4554
4623
4555
4624
4556
4625
4557
4626
4558
4627
4559
4628
4560
4629
4561
4630
4562
4631
4563
4632
4564
4633
4565
4634
4566
4635
4567
4636
4568
4637
4569
4638
4570
4639
4571
4640
4572
4641
4573
4642
4574
4643
4575
4644
4576
4645
4577
4646
4578
4647
4579
4648
4580
4649
4581
4650
4582
4651
4583
4652
4584
4653
4585
4654
4586
4655
4587
4656
4588
4657
4589
4658
4590
4659
4591
4660
4592
4661
4593
4662
4594
4663
4595
4664
4596
4665
4597
4666
4598
4667
4599
4668
4600
4669
4601
4670
4602
4671
4603
4672
4604
4673
4605
4674
4606
4675
4607
4676
4608
4677
4609
4678
4610
4679
4611
4680
4612
4681
4613
4682
4614
4683
4615
4684
4616
4685
4617
4686
4618
4687
4619
4688
4689
4621
4690
8249
4622
4691
4623
4692
4624
4693
4625
4694
4626
4695
4627
4696
4628
4697
4629
4698
4630
4699
4631
4700
4632
4701
4633
4702
4634
4703
4635
4704
4636
4705
4637
4706
4638
4707
4639
4708
4640
4709
4641
4710
4642
4711
4643
4712
4644
4713
4645
4714
4646
4715
4647
4716
4648
4717
4649
4718
4650
4719
4651
4720
4652
4721
4653
4722
4654
4723
4655
4724
4656
4725
4657
4726
4658
4727
4659
4728
4660
4729
4661
4730
4662
4731
4663
4732
4664
4733
4665
4734
4666
4735
4667
4736
4668
4737
4669
4738
4670
4739
4671
4740
4672
4741
4673
4742
4674
4743
4675
4744
4676
4745
4677
4746
4678
4747
4679
4748
4680
4749
4681
4750
4682
4751
4683
4752
4684
4753
4685
4754
4686
4755
4687
4756
4688
4757
4689
4758
4759
4691
4760
8299
4692
4761
4693
4762
4694
4763
4695
4764
4696
4765
4697
4766
4698
4767
4699
4768
4700
4769
4701
4770
4702
4771
4703
4772
4704
4773
4705
4774
4706
4775
4707
4776
4708
4777
4709
4778
4710
4779
4711
4780
4712
4781
4713
4782
4714
4783
4715
4784
4716
4785
4717
4786
4718
4787
4719
4788
4720
4789
4721
4790
4722
4791
4723
4792
4724
4793
4725
4794
4726
4795
4727
4796
4728
4797
4729
4798
4730
4799
4731
4800
4732
4801
4733
4802
4734
4803
4735
4804
4736
4805
4737
4806
4738
4807
4739
4808
4740
4809
4741
4810
4742
4811
4743
4812
4744
4813
4745
4814
4746
4815
4747
4816
4748
4817
4749
4818
4750
4819
4751
4820
4752
4821
4753
4822
4754
4823
4755
4824
4756
4825
4757
4826
4758
4827
4759
4828
4829
4761
4830
8349
4762
4831
4763
4832
4764
4833
4765
4834
4766
4835
4767
4836
4768
4837
4769
4838
4770
4839
4771
4840
4772
4841
4773
4842
4774
4843
4775
4844
4776
4845
4777
4846
4778
4847
4779
4848
4780
4849
4781
4850
4782
4851
4783
4852
4784
4853
4785
4854
4786
4855
4787
4856
4788
4857
4789
4858
4790
4859
4791
4860
4792
4861
4793
4862
4794
4863
4795
4864
4796
4865
4797
4866
4798
4867
4799
4868
4800
4869
4801
4870
4802
4871
4803
4872
4804
4873
4805
4874
4806
4875
4807
4876
4808
4877
4809
4878
4810
4879
4811
4880
4812
4881
4813
4882
4814
4883
4815
4884
4816
4885
4817
4886
4818
4887
4819
4888
4820
4889
4821
4890
4822
4891
4823
4892
4824
4893
4825
4894
4826
4895
4827
4896
4828
4897
4829
4898
4899
4831
8399
4832
4833
4834
4835
4836
4837
4838
4839
4840
4841
4842
4843
4844
4845
4846
4847
4848
4849
4850
4851
4852
4853
4854
4855
4856
4857
4858
4859
4860
4861
4862
4863
4864
4865
4866
4867
4868
4869
4870
4871
4872
4873
4874
4875
4876
4877
4878
4879
4880
4881
4882
4883
4884
4885
4886
4887
4888
4889
4890
4891
4892
4893
4894
4895
4896
4897
4898
4899
4901
4950
4902
4951
4903
4952
4904
4953
4905
4954
4906
4955
4907
4956
4908
4957
4909
4958
4910
4959
4911
4960
4912
4961
4913
4962
4914
4963
4915
4964
4916
4965
4917
4966
4918
4967
4919
4968
4920
4969
4921
4970
4922
4971
4923
4972
4924
4973
4925
4974
4926
4975
4927
4976
4928
4977
4929
4978
4930
4979
4931
4980
4932
4981
4933
4982
4934
4983
4935
4984
4936
4985
4937
4986
4938
4987
4939
4988
4940
4989
4941
4990
4942
4991
4943
4992
4944
4993
4945
4994
4946
4995
4947
4996
4948
4997
4949
4998
4999
4951
5000
4952
5001
4953
5002
4954
5003
4955
5004
4956
5005
4957
5006
4958
5007
4959
5008
4960
5009
4961
5010
4962
5011
4963
5012
4964
5013
4965
5014
4966
5015
4967
5016
4968
5017
4969
5018
4970
5019
4971
5020
4972
5021
4973
5022
4974
5023
4975
5024
4976
5025
4977
5026
4978
5027
4979
5028
4980
5029
4981
5030
4982
5031
4983
5032
4984
5033
4985
5034
4986
5035
4987
5036
4988
5037
4989
5038
4990
5039
4991
5040
4992
5041
4993
5042
4994
5043
4995
5044
4996
5045
4997
5046
4998
5047
4999
5048
5049
5001
5050
5002
5051
5003
5052
5004
5053
5005
5054
5006
5055
5007
5056
5008
5057
5009
5058
5010
5059
5011
5060
5012
5061
5013
5062
5014
5063
5015
5064
5016
5065
5017
5066
5018
5067
5019
5068
5020
5069
5021
5070
5022
5071
5023
5072
5024
5073
5025
5074
5026
5075
5027
5076
5028
5077
5029
5078
5030
5079
5031
5080
5032
5081
5033
5082
5034
5083
5035
5084
5036
5085
5037
5086
5038
5087
5039
5088
5040
5089
5041
5090
5042
5091
5043
5092
5044
5093
5045
5094
5046
5095
5047
5096
5048
5097
5049
5098
5099
5051
5100
5052
5101
5053
5102
5054
5103
5055
5104
5056
5105
5057
5106
5058
5107
5059
5108
5060
5109
5061
5110
5062
5111
5063
5112
5064
5113
5065
5114
5066
5115
5067
5116
5068
5117
5069
5118
5070
5119
5071
5120
5072
5121
5073
5122
5074
5123
5075
5124
5076
5125
5077
5126
5078
5127
5079
5128
5080
5129
5081
5130
5082
5131
5083
5132
5084
5133
5085
5134
5086
5135
5087
5136
5088
5137
5089
5138
5090
5139
5091
5140
5092
5141
5093
5142
5094
5143
5095
5144
5096
5145
5097
5146
5098
5147
5099
5148
5149
5101
5150
5102
5151
5103
5152
5104
5153
5105
5154
5106
5155
5107
5156
5108
5157
5109
5158
5110
5159
5111
5160
5112
5161
5113
5162
5114
5163
5115
5164
5116
5165
5117
5166
5118
5167
5119
5168
5120
5169
5121
5170
5122
5171
5123
5172
5124
5173
5125
5174
5126
5175
5127
5176
5128
5177
5129
5178
5130
5179
5131
5180
5132
5181
5133
5182
5134
5183
5135
5184
5136
5185
5137
5186
5138
5187
5139
5188
5140
5189
5141
5190
5142
5191
5143
5192
5144
5193
5145
5194
5146
5195
5147
5196
5148
5197
5149
5198
5199
5151
5200
5152
5201
5153
5202
5154
5203
5155
5204
5156
5205
5157
5206
5158
5207
5159
5208
5160
5209
5161
5210
5162
5211
5163
5212
5164
5213
5165
5214
5166
5215
5167
5216
5168
5217
5169
5218
5170
5219
5171
5220
5172
5221
5173
5222
5174
5223
5175
5224
5176
5225
5177
5226
5178
5227
5179
5228
5180
5229
5181
5230
5182
5231
5183
5232
5184
5233
5185
5234
5186
5235
5187
5236
5188
5237
5189
5238
5190
5239
5191
5240
5192
5241
5193
5242
5194
5243
5195
5244
5196
5245
5197
5246
5198
5247
5199
5248
5249
5201
5250
5202
5251
5203
5252
5204
5253
5205
5254
5206
5255
5207
5256
5208
5257
5209
5258
5210
5259
5211
5260
5212
5261
5213
5262
5214
5263
5215
5264
5216
5265
5217
5266
5218
5267
5219
5268
5220
5269
5221
5270
5222
5271
5223
5272
5224
5273
5225
5274
5226
5275
5227
5276
5228
5277
5229
5278
5230
5279
5231
5280
5232
5281
5233
5282
5234
5283
5235
5284
5236
5285
5237
5286
5238
5287
5239
5288
5240
5289
5241
5290
5242
5291
5243
5292
5244
5293
5245
5294
5246
5295
5247
5296
5248
5297
5249
5298
5299
5251
5300
5252
5301
5253
5302
5254
5303
5255
5304
5256
5305
5257
5306
5258
5307
5259
5308
5260
5309
5261
5310
5262
5311
5263
5312
5264
5313
5265
5314
5266
5315
5267
5316
5268
5317
5269
5318
5270
5319
5271
5320
5272
5321
5273
5322
5274
5323
5275
5324
5276
5325
5277
5326
5278
5327
5279
5328
5280
5329
5281
5330
5282
5331
5283
5332
5284
5333
5285
5334
5286
5335
5287
5336
5288
5337
5289
5338
5290
5339
5291
5340
5292
5341
5293
5342
5294
5343
5295
5344
5296
5345
5297
5346
5298
5347
5299
5348
5349
5301
5350
5302
5351
5303
5352
5304
5353
5305
5354
5306
5355
5307
5356
5308
5357
5309
5358
5310
5359
5311
5360
5312
5361
5313
5362
5314
5363
5315
5364
5316
5365
5317
5366
5318
5367
5319
5368
5320
5369
5321
5370
5322
5371
5323
5372
5324
5373
5325
5374
5326
5375
5327
5376
5328
5377
5329
5378
5330
5379
5331
5380
5332
5381
5333
5382
5334
5383
5335
5384
5336
5385
5337
5386
5338
5387
5339
5388
5340
5389
5341
5390
5342
5391
5343
5392
5344
5393
5345
5394
5346
5395
5347
5396
5348
5397
5349
5398
5399
5351
5400
5352
5401
5353
5402
5354
5403
5355
5404
5356
5405
5357
5406
5358
5407
5359
5408
5360
5409
5361
5410
5362
5411
5363
5412
5364
5413
5365
5414
5366
5415
5367
5416
5368
5417
5369
5418
5370
5419
5371
5420
5372
5421
5373
5422
5374
5423
5375
5424
5376
5425
5377
5426
5378
5427
5379
5428
5380
5429
5381
5430
5382
5431
5383
5432
5384
5433
5385
5434
5386
5435
5387
5436
5388
5437
5389
5438
5390
5439
5391
5440
5392
5441
5393
5442
5394
5443
5395
5444
5396
5445
5397
5446
5398
5447
5399
5448
5449
5401
5450
5402
5451
5403
5452
5404
5453
5405
5454
5406
5455
5407
5456
5408
5457
5409
5458
5410
5459
5411
5460
5412
5461
5413
5462
5414
5463
5415
5464
5416
5465
5417
5466
5418
5467
5419
5468
5420
5469
5421
5470
5422
5471
5423
5472
5424
5473
5425
5474
5426
5475
5427
5476
5428
5477
5429
5478
5430
5479
5431
5480
5432
5481
5433
5482
5434
5483
5435
5484
5436
5485
5437
5486
5438
5487
5439
5488
5440
5489
5441
5490
5442
5491
5443
5492
5444
5493
5445
5494
5446
5495
5447
5496
5448
5497
5449
5498
5499
5451
5500
5452
5501
5453
5502
5454
5503
5455
5504
5456
5505
5457
5506
5458
5507
5459
5508
5460
5509
5461
5510
5462
5511
5463
5512
5464
5513
5465
5514
5466
5515
5467
5516
5468
5517
5469
5518
5470
5519
5471
5520
5472
5521
5473
5522
5474
5523
5475
5524
5476
5525
5477
5526
5478
5527
5479
5528
5480
5529
5481
5530
5482
5531
5483
5532
5484
5533
5485
5534
5486
5535
5487
5536
5488
5537
5489
5538
5490
5539
5491
5540
5492
5541
5493
5542
5494
5543
5495
5544
5496
5545
5497
5546
5498
5547
5499
5548
5549
5501
5550
5502
5551
5503
5552
5504
5553
5505
5554
5506
5555
5507
5556
5508
5557
5509
5558
5510
5559
5511
5560
5512
5561
5513
5562
5514
5563
5515
5564
5516
5565
5517
5566
5518
5567
5519
5568
5520
5569
5521
5570
5522
5571
5523
5572
5524
5573
5525
5574
5526
5575
5527
5576
5528
5577
5529
5578
5530
5579
5531
5580
5532
5581
5533
5582
5534
5583
5535
5584
5536
5585
5537
5586
5538
5587
5539
5588
5540
5589
5541
5590
5542
5591
5543
5592
5544
5593
5545
5594
5546
5595
5547
5596
5548
5597
5549
5598
5599
5551
5600
5552
5601
5553
5602
5554
5603
5555
5604
5556
5605
5557
5606
5558
5607
5559
5608
5560
5609
5561
5610
5562
5611
5563
5612
5564
5613
5565
5614
5566
5615
5567
5616
5568
5617
5569
5618
5570
5619
5571
5620
5572
5621
5573
5622
5574
5623
5575
5624
5576
5625
5577
5626
5578
5627
5579
5628
5580
5629
5581
5630
5582
5631
5583
5632
5584
5633
5585
5634
5586
5635
5587
5636
5588
5637
5589
5638
5590
5639
5591
5640
5592
5641
5593
5642
5594
5643
5595
5644
5596
5645
5597
5646
5598
5647
5599
5648
5649
5601
5650
5602
5651
5603
5652
5604
5653
5605
5654
5606
5655
5607
5656
5608
5657
5609
5658
5610
5659
5611
5660
5612
5661
5613
5662
5614
5663
5615
5664
5616
5665
5617
5666
5618
5667
5619
5668
5620
5669
5621
5670
5622
5671
5623
5672
5624
5673
5625
5674
5626
5675
5627
5676
5628
5677
5629
5678
5630
5679
5631
5680
5632
5681
5633
5682
5634
5683
5635
5684
5636
5685
5637
5686
5638
5687
5639
5688
5640
5689
5641
5690
5642
5691
5643
5692
5644
5693
5645
5694
5646
5695
5647
5696
5648
5697
5649
5698
5699
5651
5700
5652
5701
5653
5702
5654
5703
5655
5704
5656
5705
5657
5706
5658
5707
5659
5708
5660
5709
5661
5710
5662
5711
5663
5712
5664
5713
5665
5714
5666
5715
5667
5716
5668
5717
5669
5718
5670
5719
5671
5720
5672
5721
5673
5722
5674
5723
5675
5724
5676
5725
5677
5726
5678
5727
5679
5728
5680
5729
5681
5730
5682
5731
5683
5732
5684
5733
5685
5734
5686
5735
5687
5736
5688
5737
5689
5738
5690
5739
5691
5740
5692
5741
5693
5742
5694
5743
5695
5744
5696
5745
5697
5746
5698
5747
5699
5748
5749
5701
5750
5702
5751
5703
5752
5704
5753
5705
5754
5706
5755
5707
5756
5708
5757
5709
5758
5710
5759
5711
5760
5712
5761
5713
5762
5714
5763
5715
5764
5716
5765
5717
5766
5718
5767
5719
5768
5720
5769
5721
5770
5722
5771
5723
5772
5724
5773
5725
5774
5726
5775
5727
5776
5728
5777
5729
5778
5730
5779
5731
5780
5732
5781
5733
5782
5734
5783
5735
5784
5736
5785
5737
5786
5738
5787
5739
5788
5740
5789
5741
5790
5742
5791
5743
5792
5744
5793
5745
5794
5746
5795
5747
5796
5748
5797
5749
5798
5799
5751
5800
5752
5801
5753
5802
5754
5803
5755
5804
5756
5805
5757
5806
5758
5807
5759
5808
5760
5809
5761
5810
5762
5811
5763
5812
5764
5813
5765
5814
5766
5815
5767
5816
5768
5817
5769
5818
5770
5819
5771
5820
5772
5821
5773
5822
5774
5823
5775
5824
5776
5825
5777
5826
5778
5827
5779
5828
5780
5829
5781
5830
5782
5831
5783
5832
5784
5833
5785
5834
5786
5835
5787
5836
5788
5837
5789
5838
5790
5839
5791
5840
5792
5841
5793
5842
5794
5843
5795
5844
5796
5845
5797
5846
5798
5847
5799
5848
5849
5801
5850
5802
5851
5803
5852
5804
5853
5805
5854
5806
5855
5807
5856
5808
5857
5809
5858
5810
5859
5811
5860
5812
5861
5813
5862
5814
5863
5815
5864
5816
5865
5817
5866
5818
5867
5819
5868
5820
5869
5821
5870
5822
5871
5823
5872
5824
5873
5825
5874
5826
5875
5827
5876
5828
5877
5829
5878
5830
5879
5831
5880
5832
5881
5833
5882
5834
5883
5835
5884
5836
5885
5837
5886
5838
5887
5839
5888
5840
5889
5841
5890
5842
5891
5843
5892
5844
5893
5845
5894
5846
5895
5847
5896
5848
5897
5849
5898
5899
5851
5900
5852
5901
5853
5902
5854
5903
5855
5904
5856
5905
5857
5906
5858
5907
5859
5908
5860
5909
5861
5910
5862
5911
5863
5912
5864
5913
5865
5914
5866
5915
5867
5916
5868
5917
5869
5918
5870
5919
5871
5920
5872
5921
5873
5922
5874
5923
5875
5924
5876
5925
5877
5926
5878
5927
5879
5928
5880
5929
5881
5930
5882
5931
5883
5932
5884
5933
5885
5934
5886
5935
5887
5936
5888
5937
5889
5938
5890
5939
5891
5940
5892
5941
5893
5942
5894
5943
5895
5944
5896
5945
5897
5946
5898
5947
5899
5948
5949
5901
5950
5902
5951
5903
5952
5904
5953
5905
5954
5906
5955
5907
5956
5908
5957
5909
5958
5910
5959
5911
5960
5912
5961
5913
5962
5914
5963
5915
5964
5916
5965
5917
5966
5918
5967
5919
5968
5920
5969
5921
5970
5922
5971
5923
5972
5924
5973
5925
5974
5926
5975
5927
5976
5928
5977
5929
5978
5930
5979
5931
5980
5932
5981
5933
5982
5934
5983
5935
5984
5936
5985
5937
5986
5938
5987
5939
5988
5940
5989
5941
5990
5942
5991
5943
5992
5944
5993
5945
5994
5946
5995
5947
5996
5948
5997
5949
5998
5999
5951
6000
5952
6001
5953
6002
5954
6003
5955
6004
5956
6005
5957
6006
5958
6007
5959
6008
5960
6009
5961
6010
5962
6011
5963
6012
5964
6013
5965
6014
5966
6015
5967
6016
5968
6017
5969
6018
5970
6019
5971
6020
5972
6021
5973
6022
5974
6023
5975
6024
5976
6025
5977
6026
5978
6027
5979
6028
5980
6029
5981
6030
5982
6031
5983
6032
5984
6033
5985
6034
5986
6035
5987
6036
5988
6037
5989
6038
5990
6039
5991
6040
5992
6041
5993
6042
5994
6043
5995
6044
5996
6045
5997
6046
5998
6047
5999
6048
6049
6001
6050
6002
6051
6003
6052
6004
6053
6005
6054
6006
6055
6007
6056
6008
6057
6009
6058
6010
6059
6011
6060
6012
6061
6013
6062
6014
6063
6015
6064
6016
6065
6017
6066
6018
6067
6019
6068
6020
6069
6021
6070
6022
6071
6023
6072
6024
6073
6025
6074
6026
6075
6027
6076
6028
6077
6029
6078
6030
6079
6031
6080
6032
6081
6033
6082
6034
6083
6035
6084
6036
6085
6037
6086
6038
6087
6039
6088
6040
6089
6041
6090
6042
6091
6043
6092
6044
6093
6045
6094
6046
6095
6047
6096
6048
6097
6049
6098
6099
6051
6100
6052
6101
6053
6102
6054
6103
6055
6104
6056
6105
6057
6106
6058
6107
6059
6108
6060
6109
6061
6110
6062
6111
6063
6112
6064
6113
6065
6114
6066
6115
6067
6116
6068
6117
6069
6118
6070
6119
6071
6120
6072
6121
6073
6122
6074
6123
6075
6124
6076
6125
6077
6126
6078
6127
6079
6128
6080
6129
6081
6130
6082
6131
6083
6132
6084
6133
6085
6134
6086
6135
6087
6136
6088
6137
6089
6138
6090
6139
6091
6140
6092
6141
6093
6142
6094
6143
6095
6144
6096
6145
6097
6146
6098
6147
6099
6148
6149
6101
6150
6102
6151
6103
6152
6104
6153
6105
6154
6106
6155
6107
6156
6108
6157
6109
6158
6110
6159
6111
6160
6112
6161
6113
6162
6114
6163
6115
6164
6116
6165
6117
6166
6118
6167
6119
6168
6120
6169
6121
6170
6122
6171
6123
6172
6124
6173
6125
6174
6126
6175
6127
6176
6128
6177
6129
6178
6130
6179
6131
6180
6132
6181
6133
6182
6134
6183
6135
6184
6136
6185
6137
6186
6138
6187
6139
6188
6140
6189
6141
6190
6142
6191
6143
6192
6144
6193
6145
6194
6146
6195
6147
6196
6148
6197
6149
6198
6199
6151
6200
6152
6201
6153
6202
6154
6203
6155
6204
6156
6205
6157
6206
6158
6207
6159
6208
6160
6209
6161
6210
6162
6211
6163
6212
6164
6213
6165
6214
6166
6215
6167
6216
6168
6217
6169
6218
6170
6219
6171
6220
6172
6221
6173
6222
6174
6223
6175
6224
6176
6225
6177
6226
6178
6227
6179
6228
6180
6229
6181
6230
6182
6231
6183
6232
6184
6233
6185
6234
6186
6235
6187
6236
6188
6237
6189
6238
6190
6239
6191
6240
6192
6241
6193
6242
6194
6243
6195
6244
6196
6245
6197
6246
6198
6247
6199
6248
6249
6201
6250
6202
6251
6203
6252
6204
6253
6205
6254
6206
6255
6207
6256
6208
6257
6209
6258
6210
6259
6211
6260
6212
6261
6213
6262
6214
6263
6215
6264
6216
6265
6217
6266
6218
6267
6219
6268
6220
6269
6221
6270
6222
6271
6223
6272
6224
6273
6225
6274
6226
6275
6227
6276
6228
6277
6229
6278
6230
6279
6231
6280
6232
6281
6233
6282
6234
6283
6235
6284
6236
6285
6237
6286
6238
6287
6239
6288
6240
6289
6241
6290
6242
6291
6243
6292
6244
6293
6245
6294
6246
6295
6247
6296
6248
6297
6249
6298
6299
6251
6300
6252
6301
6253
6302
6254
6303
6255
6304
6256
6305
6257
6306
6258
6307
6259
6308
6260
6309
6261
6310
6262
6311
6263
6312
6264
6313
6265
6314
6266
6315
6267
6316
6268
6317
6269
6318
6270
6319
6271
6320
6272
6321
6273
6322
6274
6323
6275
6324
6276
6325
6277
6326
6278
6327
6279
6328
6280
6329
6281
6330
6282
6331
6283
6332
6284
6333
6285
6334
6286
6335
6287
6336
6288
6337
6289
6338
6290
6339
6291
6340
6292
6341
6293
6342
6294
6343
6295
6344
6296
6345
6297
6346
6298
6347
6299
6348
6349
6301
6350
6302
6351
6303
6352
6304
6353
6305
6354
6306
6355
6307
6356
6308
6357
6309
6358
6310
6359
6311
6360
6312
6361
6313
6362
6314
6363
6315
6364
6316
6365
6317
6366
6318
6367
6319
6368
6320
6369
6321
6370
6322
6371
6323
6372
6324
6373
6325
6374
6326
6375
6327
6376
6328
6377
6329
6378
6330
6379
6331
6380
6332
6381
6333
6382
6334
6383
6335
6384
6336
6385
6337
6386
6338
6387
6339
6388
6340
6389
6341
6390
6342
6391
6343
6392
6344
6393
6345
6394
6346
6395
6347
6396
6348
6397
6349
6398
6399
6351
6400
6352
6401
6353
6402
6354
6403
6355
6404
6356
6405
6357
6406
6358
6407
6359
6408
6360
6409
6361
6410
6362
6411
6363
6412
6364
6413
6365
6414
6366
6415
6367
6416
6368
6417
6369
6418
6370
6419
6371
6420
6372
6421
6373
6422
6374
6423
6375
6424
6376
6425
6377
6426
6378
6427
6379
6428
6380
6429
6381
6430
6382
6431
6383
6432
6384
6433
6385
6434
6386
6435
6387
6436
6388
6437
6389
6438
6390
6439
6391
6440
6392
6441
6393
6442
6394
6443
6395
6444
6396
6445
6397
6446
6398
6447
6399
6448
6449
6401
6450
6402
6451
6403
6452
6404
6453
6405
6454
6406
6455
6407
6456
6408
6457
6409
6458
6410
6459
6411
6460
6412
6461
6413
6462
6414
6463
6415
6464
6416
6465
6417
6466
6418
6467
6419
6468
6420
6469
6421
6470
6422
6471
6423
6472
6424
6473
6425
6474
6426
6475
6427
6476
6428
6477
6429
6478
6430
6479
6431
6480
6432
6481
6433
6482
6434
6483
6435
6484
6436
6485
6437
6486
6438
6487
6439
6488
6440
6489
6441
6490
6442
6491
6443
6492
6444
6493
6445
6494
6446
6495
6447
6496
6448
6497
6449
6498
6499
6451
6500
6452
6501
6453
6502
6454
6503
6455
6504
6456
6505
6457
6506
6458
6507
6459
6508
6460
6509
6461
6510
6462
6511
6463
6512
6464
6513
6465
6514
6466
6515
6467
6516
6468
6517
6469
6518
6470
6519
6471
6520
6472
6521
6473
6522
6474
6523
6475
6524
6476
6525
6477
6526
6478
6527
6479
6528
6480
6529
6481
6530
6482
6531
6483
6532
6484
6533
6485
6534
6486
6535
6487
6536
6488
6537
6489
6538
6490
6539
6491
6540
6492
6541
6493
6542
6494
6543
6495
6544
6496
6545
6497
6546
6498
6547
6499
6548
6549
6501
6550
6502
6551
6503
6552
6504
6553
6505
6554
6506
6555
6507
6556
6508
6557
6509
6558
6510
6559
6511
6560
6512
6561
6513
6562
6514
6563
6515
6564
6516
6565
6517
6566
6518
6567
6519
6568
6520
6569
6521
6570
6522
6571
6523
6572
6524
6573
6525
6574
6526
6575
6527
6576
6528
6577
6529
6578
6530
6579
6531
6580
6532
6581
6533
6582
6534
6583
6535
6584
6536
6585
6537
6586
6538
6587
6539
6588
6540
6589
6541
6590
6542
6591
6543
6592
6544
6593
6545
6594
6546
6595
6547
6596
6548
6597
6549
6598
6599
6551
6600
6552
6601
6553
6602
6554
6603
6555
6604
6556
6605
6557
6606
6558
6607
6559
6608
6560
6609
6561
6610
6562
6611
6563
6612
6564
6613
6565
6614
6566
6615
6567
6616
6568
6617
6569
6618
6570
6619
6571
6620
6572
6621
6573
6622
6574
6623
6575
6624
6576
6625
6577
6626
6578
6627
6579
6628
6580
6629
6581
6630
6582
6631
6583
6632
6584
6633
6585
6634
6586
6635
6587
6636
6588
6637
6589
6638
6590
6639
6591
6640
6592
6641
6593
6642
6594
6643
6595
6644
6596
6645
6597
6646
6598
6647
6599
6648
6649
6601
6650
6602
6651
6603
6652
6604
6653
6605
6654
6606
6655
6607
6656
6608
6657
6609
6658
6610
6659
6611
6660
6612
6661
6613
6662
6614
6663
6615
6664
6616
6665
6617
6666
6618
6667
6619
6668
6620
6669
6621
6670
6622
6671
6623
6672
6624
6673
6625
6674
6626
6675
6627
6676
6628
6677
6629
6678
6630
6679
6631
6680
6632
6681
6633
6682
6634
6683
6635
6684
6636
6685
6637
6686
6638
6687
6639
6688
6640
6689
6641
6690
6642
6691
6643
6692
6644
6693
6645
6694
6646
6695
6647
6696
6648
6697
6649
6698
6699
6651
6700
6652
6701
6653
6702
6654
6703
6655
6704
6656
6705
6657
6706
6658
6707
6659
6708
6660
6709
6661
6710
6662
6711
6663
6712
6664
6713
6665
6714
6666
6715
6667
6716
6668
6717
6669
6718
6670
6719
6671
6720
6672
6721
6673
6722
6674
6723
6675
6724
6676
6725
6677
6726
6678
6727
6679
6728
6680
6729
6681
6730
6682
6731
6683
6732
6684
6733
6685
6734
6686
6735
6687
6736
6688
6737
6689
6738
6690
6739
6691
6740
6692
6741
6693
6742
6694
6743
6695
6744
6696
6745
6697
6746
6698
6747
6699
6748
6749
6701
6750
6702
6751
6703
6752
6704
6753
6705
6754
6706
6755
6707
6756
6708
6757
6709
6758
6710
6759
6711
6760
6712
6761
6713
6762
6714
6763
6715
6764
6716
6765
6717
6766
6718
6767
6719
6768
6720
6769
6721
6770
6722
6771
6723
6772
6724
6773
6725
6774
6726
6775
6727
6776
6728
6777
6729
6778
6730
6779
6731
6780
6732
6781
6733
6782
6734
6783
6735
6784
6736
6785
6737
6786
6738
6787
6739
6788
6740
6789
6741
6790
6742
6791
6743
6792
6744
6793
6745
6794
6746
6795
6747
6796
6748
6797
6749
6798
6799
6751
6800
6752
6801
6753
6802
6754
6803
6755
6804
6756
6805
6757
6806
6758
6807
6759
6808
6760
6809
6761
6810
6762
6811
6763
6812
6764
6813
6765
6814
6766
6815
6767
6816
6768
6817
6769
6818
6770
6819
6771
6820
6772
6821
6773
6822
6774
6823
6775
6824
6776
6825
6777
6826
6778
6827
6779
6828
6780
6829
6781
6830
6782
6831
6783
6832
6784
6833
6785
6834
6786
6835
6787
6836
6788
6837
6789
6838
6790
6839
6791
6840
6792
6841
6793
6842
6794
6843
6795
6844
6796
6845
6797
6846
6798
6847
6799
6848
6849
6801
6850
6802
6851
6803
6852
6804
6853
6805
6854
6806
6855
6807
6856
6808
6857
6809
6858
6810
6859
6811
6860
6812
6861
6813
6862
6814
6863
6815
6864
6816
6865
6817
6866
6818
6867
6819
6868
6820
6869
6821
6870
6822
6871
6823
6872
6824
6873
6825
6874
6826
6875
6827
6876
6828
6877
6829
6878
6830
6879
6831
6880
6832
6881
6833
6882
6834
6883
6835
6884
6836
6885
6837
6886
6838
6887
6839
6888
6840
6889
6841
6890
6842
6891
6843
6892
6844
6893
6845
6894
6846
6895
6847
6896
6848
6897
6849
6898
6899
6851
6900
6852
6901
6853
6902
6854
6903
6855
6904
6856
6905
6857
6906
6858
6907
6859
6908
6860
6909
6861
6910
6862
6911
6863
6912
6864
6913
6865
6914
6866
6915
6867
6916
6868
6917
6869
6918
6870
6919
6871
6920
6872
6921
6873
6922
6874
6923
6875
6924
6876
6925
6877
6926
6878
6927
6879
6928
6880
6929
6881
6930
6882
6931
6883
6932
6884
6933
6885
6934
6886
6935
6887
6936
6888
6937
6889
6938
6890
6939
6891
6940
6892
6941
6893
6942
6894
6943
6895
6944
6896
6945
6897
6946
6898
6947
6899
6948
6949
6901
6950
6902
6951
6903
6952
6904
6953
6905
6954
6906
6955
6907
6956
6908
6957
6909
6958
6910
6959
6911
6960
6912
6961
6913
6962
6914
6963
6915
6964
6916
6965
6917
6966
6918
6967
6919
6968
6920
6969
6921
6970
6922
6971
6923
6972
6924
6973
6925
6974
6926
6975
6927
6976
6928
6977
6929
6978
6930
6979
6931
6980
6932
6981
6933
6982
6934
6983
6935
6984
6936
6985
6937
6986
6938
6987
6939
6988
6940
6989
6941
6990
6942
6991
6943
6992
6944
6993
6945
6994
6946
6995
6947
6996
6948
6997
6949
6998
6999
6951
7000
6952
7001
6953
7002
6954
7003
6955
7004
6956
7005
6957
7006
6958
7007
6959
7008
6960
7009
6961
7010
6962
7011
6963
7012
6964
7013
6965
7014
6966
7015
6967
7016
6968
7017
6969
7018
6970
7019
6971
7020
6972
7021
6973
7022
6974
7023
6975
7024
6976
7025
6977
7026
6978
7027
6979
7028
6980
7029
6981
7030
6982
7031
6983
7032
6984
7033
6985
7034
6986
7035
6987
7036
6988
7037
6989
7038
6990
7039
6991
7040
6992
7041
6993
7042
6994
7043
6995
7044
6996
7045
6997
7046
6998
7047
6999
7048
7049
7001
7050
7002
7051
7003
7052
7004
7053
7005
7054
7006
7055
7007
7056
7008
7057
7009
7058
7010
7059
7011
7060
7012
7061
7013
7062
7014
7063
7015
7064
7016
7065
7017
7066
7018
7067
7019
7068
7020
7069
7021
7070
7022
7071
7023
7072
7024
7073
7025
7074
7026
7075
7027
7076
7028
7077
7029
7078
7030
7079
7031
7080
7032
7081
7033
7082
7034
7083
7035
7084
7036
7085
7037
7086
7038
7087
7039
7088
7040
7089
7041
7090
7042
7091
7043
7092
7044
7093
7045
7094
7046
7095
7047
7096
7048
7097
7049
7098
7099
7051
7100
7052
7101
7053
7102
7054
7103
7055
7104
7056
7105
7057
7106
7058
7107
7059
7108
7060
7109
7061
7110
7062
7111
7063
7112
7064
7113
7065
7114
7066
7115
7067
7116
7068
7117
7069
7118
7070
7119
7071
7120
7072
7121
7073
7122
7074
7123
7075
7124
7076
7125
7077
7126
7078
7127
7079
7128
7080
7129
7081
7130
7082
7131
7083
7132
7084
7133
7085
7134
7086
7135
7087
7136
7088
7137
7089
7138
7090
7139
7091
7140
7092
7141
7093
7142
7094
7143
7095
7144
7096
7145
7097
7146
7098
7147
7099
7148
7149
7101
7150
7102
7151
7103
7152
7104
7153
7105
7154
7106
7155
7107
7156
7108
7157
7109
7158
7110
7159
7111
7160
7112
7161
7113
7162
7114
7163
7115
7164
7116
7165
7117
7166
7118
7167
7119
7168
7120
7169
7121
7170
7122
7171
7123
7172
7124
7173
7125
7174
7126
7175
7127
7176
7128
7177
7129
7178
7130
7179
7131
7180
7132
7181
7133
7182
7134
7183
7135
7184
7136
7185
7137
7186
7138
7187
7139
7188
7140
7189
7141
7190
7142
7191
7143
7192
7144
7193
7145
7194
7146
7195
7147
7196
7148
7197
7149
7198
7199
7151
7200
7152
7201
7153
7202
7154
7203
7155
7204
7156
7205
7157
7206
7158
7207
7159
7208
7160
7209
7161
7210
7162
7211
7163
7212
7164
7213
7165
7214
7166
7215
7167
7216
7168
7217
7169
7218
7170
7219
7171
7220
7172
7221
7173
7222
7174
7223
7175
7224
7176
7225
7177
7226
7178
7227
7179
7228
7180
7229
7181
7230
7182
7231
7183
7232
7184
7233
7185
7234
7186
7235
7187
7236
7188
7237
7189
7238
7190
7239
7191
7240
7192
7241
7193
7242
7194
7243
7195
7244
7196
7245
7197
7246
7198
7247
7199
7248
7249
7201
7250
7202
7251
7203
7252
7204
7253
7205
7254
7206
7255
7207
7256
7208
7257
7209
7258
7210
7259
7211
7260
7212
7261
7213
7262
7214
7263
7215
7264
7216
7265
7217
7266
7218
7267
7219
7268
7220
7269
7221
7270
7222
7271
7223
7272
7224
7273
7225
7274
7226
7275
7227
7276
7228
7277
7229
7278
7230
7279
7231
7280
7232
7281
7233
7282
7234
7283
7235
7284
7236
7285
7237
7286
7238
7287
7239
7288
7240
7289
7241
7290
7242
7291
7243
7292
7244
7293
7245
7294
7246
7295
7247
7296
7248
7297
7249
7298
7299
7251
7300
7252
7301
7253
7302
7254
7303
7255
7304
7256
7305
7257
7306
7258
7307
7259
7308
7260
7309
7261
7310
7262
7311
7263
7312
7264
7313
7265
7314
7266
7315
7267
7316
7268
7317
7269
7318
7270
7319
7271
7320
7272
7321
7273
7322
7274
7323
7275
7324
7276
7325
7277
7326
7278
7327
7279
7328
7280
7329
7281
7330
7282
7331
7283
7332
7284
7333
7285
7334
7286
7335
7287
7336
7288
7337
7289
7338
7290
7339
7291
7340
7292
7341
7293
7342
7294
7343
7295
7344
7296
7345
7297
7346
7298
7347
7299
7348
7349
7301
7350
7302
7351
7303
7352
7304
7353
7305
7354
7306
7355
7307
7356
7308
7357
7309
7358
7310
7359
7311
7360
7312
7361
7313
7362
7314
7363
7315
7364
7316
7365
7317
7366
7318
7367
7319
7368
7320
7369
7321
7370
7322
7371
7323
7372
7324
7373
7325
7374
7326
7375
7327
7376
7328
7377
7329
7378
7330
7379
7331
7380
7332
7381
7333
7382
7334
7383
7335
7384
7336
7385
7337
7386
7338
7387
7339
7388
7340
7389
7341
7390
7342
7391
7343
7392
7344
7393
7345
7394
7346
7395
7347
7396
7348
7397
7349
7398
7399
7351
7400
7352
7401
7353
7402
7354
7403
7355
7404
7356
7405
7357
7406
7358
7407
7359
7408
7360
7409
7361
7410
7362
7411
7363
7412
7364
7413
7365
7414
7366
7415
7367
7416
7368
7417
7369
7418
7370
7419
7371
7420
7372
7421
7373
7422
7374
7423
7375
7424
7376
7425
7377
7426
7378
7427
7379
7428
7380
7429
7381
7430
7382
7431
7383
7432
7384
7433
7385
7434
7386
7435
7387
7436
7388
7437
7389
7438
7390
7439
7391
7440
7392
7441
7393
7442
7394
7443
7395
7444
7396
7445
7397
7446
7398
7447
7399
7448
7449
7401
7450
7402
7451
7403
7452
7404
7453
7405
7454
7406
7455
7407
7456
7408
7457
7409
7458
7410
7459
7411
7460
7412
7461
7413
7462
7414
7463
7415
7464
7416
7465
7417
7466
7418
7467
7419
7468
7420
7469
7421
7470
7422
7471
7423
7472
7424
7473
7425
7474
7426
7475
7427
7476
7428
7477
7429
7478
7430
7479
7431
7480
7432
7481
7433
7482
7434
7483
7435
7484
7436
7485
7437
7486
7438
7487
7439
7488
7440
7489
7441
7490
7442
7491
7443
7492
7444
7493
7445
7494
7446
7495
7447
7496
7448
7497
7449
7498
7499
7451
7500
7452
7501
7453
7502
7454
7503
7455
7504
7456
7505
7457
7506
7458
7507
7459
7508
7460
7509
7461
7510
7462
7511
7463
7512
7464
7513
7465
7514
7466
7515
7467
7516
7468
7517
7469
7518
7470
7519
7471
7520
7472
7521
7473
7522
7474
7523
7475
7524
7476
7525
7477
7526
7478
7527
7479
7528
7480
7529
7481
7530
7482
7531
7483
7532
7484
7533
7485
7534
7486
7535
7487
7536
7488
7537
7489
7538
7490
7539
7491
7540
7492
7541
7493
7542
7494
7543
7495
7544
7496
7545
7497
7546
7498
7547
7499
7548
7549
7501
7550
7502
7551
7503
7552
7504
7553
7505
7554
7506
7555
7507
7556
7508
7557
7509
7558
7510
7559
7511
7560
7512
7561
7513
7562
7514
7563
7515
7564
7516
7565
7517
7566
7518
7567
7519
7568
7520
7569
7521
7570
7522
7571
7523
7572
7524
7573
7525
7574
7526
7575
7527
7576
7528
7577
7529
7578
7530
7579
7531
7580
7532
7581
7533
7582
7534
7583
7535
7584
7536
7585
7537
7586
7538
7587
7539
7588
7540
7589
7541
7590
7542
7591
7543
7592
7544
7593
7545
7594
7546
7595
7547
7596
7548
7597
7549
7598
7599
7551
7600
7552
7601
7553
7602
7554
7603
7555
7604
7556
7605
7557
7606
7558
7607
7559
7608
7560
7609
7561
7610
7562
7611
7563
7612
7564
7613
7565
7614
7566
7615
7567
7616
7568
7617
7569
7618
7570
7619
7571
7620
7572
7621
7573
7622
7574
7623
7575
7624
7576
7625
7577
7626
7578
7627
7579
7628
7580
7629
7581
7630
7582
7631
7583
7632
7584
7633
7585
7634
7586
7635
7587
7636
7588
7637
7589
7638
7590
7639
7591
7640
7592
7641
7593
7642
7594
7643
7595
7644
7596
7645
7597
7646
7598
7647
7599
7648
7649
7601
7650
7602
7651
7603
7652
7604
7653
7605
7654
7606
7655
7607
7656
7608
7657
7609
7658
7610
7659
7611
7660
7612
7661
7613
7662
7614
7663
7615
7664
7616
7665
7617
7666
7618
7667
7619
7668
7620
7669
7621
7670
7622
7671
7623
7672
7624
7673
7625
7674
7626
7675
7627
7676
7628
7677
7629
7678
7630
7679
7631
7680
7632
7681
7633
7682
7634
7683
7635
7684
7636
7685
7637
7686
7638
7687
7639
7688
7640
7689
7641
7690
7642
7691
7643
7692
7644
7693
7645
7694
7646
7695
7647
7696
7648
7697
7649
7698
7699
7651
7700
7652
7701
7653
7702
7654
7703
7655
7704
7656
7705
7657
7706
7658
7707
7659
7708
7660
7709
7661
7710
7662
7711
7663
7712
7664
7713
7665
7714
7666
7715
7667
7716
7668
7717
7669
7718
7670
7719
7671
7720
7672
7721
7673
7722
7674
7723
7675
7724
7676
7725
7677
7726
7678
7727
7679
7728
7680
7729
7681
7730
7682
7731
7683
7732
7684
7733
7685
7734
7686
7735
7687
7736
7688
7737
7689
7738
7690
7739
7691
7740
7692
7741
7693
7742
7694
7743
7695
7744
7696
7745
7697
7746
7698
7747
7699
7748
7749
7701
7750
7702
7751
7703
7752
7704
7753
7705
7754
7706
7755
7707
7756
7708
7757
7709
7758
7710
7759
7711
7760
7712
7761
7713
7762
7714
7763
7715
7764
7716
7765
7717
7766
7718
7767
7719
7768
7720
7769
7721
7770
7722
7771
7723
7772
7724
7773
7725
7774
7726
7775
7727
7776
7728
7777
7729
7778
7730
7779
7731
7780
7732
7781
7733
7782
7734
7783
7735
7784
7736
7785
7737
7786
7738
7787
7739
7788
7740
7789
7741
7790
7742
7791
7743
7792
7744
7793
7745
7794
7746
7795
7747
7796
7748
7797
7749
7798
7799
7751
7800
7752
7801
7753
7802
7754
7803
7755
7804
7756
7805
7757
7806
7758
7807
7759
7808
7760
7809
7761
7810
7762
7811
7763
7812
7764
7813
7765
7814
7766
7815
7767
7816
7768
7817
7769
7818
7770
7819
7771
7820
7772
7821
7773
7822
7774
7823
7775
7824
7776
7825
7777
7826
7778
7827
7779
7828
7780
7829
7781
7830
7782
7831
7783
7832
7784
7833
7785
7834
7786
7835
7787
7836
7788
7837
7789
7838
7790
7839
7791
7840
7792
7841
7793
7842
7794
7843
7795
7844
7796
7845
7797
7846
7798
7847
7799
7848
7849
7801
7850
7802
7851
7803
7852
7804
7853
7805
7854
7806
7855
7807
7856
7808
7857
7809
7858
7810
7859
7811
7860
7812
7861
7813
7862
7814
7863
7815
7864
7816
7865
7817
7866
7818
7867
7819
7868
7820
7869
7821
7870
7822
7871
7823
7872
7824
7873
7825
7874
7826
7875
7827
7876
7828
7877
7829
7878
7830
7879
7831
7880
7832
7881
7833
7882
7834
7883
7835
7884
7836
7885
7837
7886
7838
7887
7839
7888
7840
7889
7841
7890
7842
7891
7843
7892
7844
7893
7845
7894
7846
7895
7847
7896
7848
7897
7849
7898
7899
7851
7900
7852
7901
7853
7902
7854
7903
7855
7904
7856
7905
7857
7906
7858
7907
7859
7908
7860
7909
7861
7910
7862
7911
7863
7912
7864
7913
7865
7914
7866
7915
7867
7916
7868
7917
7869
7918
7870
7919
7871
7920
7872
7921
7873
7922
7874
7923
7875
7924
7876
7925
7877
7926
7878
7927
7879
7928
7880
7929
7881
7930
7882
7931
7883
7932
7884
7933
7885
7934
7886
7935
7887
7936
7888
7937
7889
7938
7890
7939
7891
7940
7892
7941
7893
7942
7894
7943
7895
7944
7896
7945
7897
7946
7898
7947
7899
7948
7949
7901
7950
7902
7951
7903
7952
7904
7953
7905
7954
7906
7955
7907
7956
7908
7957
7909
7958
7910
7959
7911
7960
7912
7961
7913
7962
7914
7963
7915
7964
7916
7965
7917
7966
7918
7967
7919
7968
7920
7969
7921
7970
7922
7971
7923
7972
7924
7973
7925
7974
7926
7975
7927
7976
7928
7977
7929
7978
7930
7979
7931
7980
7932
7981
7933
7982
7934
7983
7935
7984
7936
7985
7937
7986
7938
7987
7939
7988
7940
7989
7941
7990
7942
7991
7943
7992
7944
7993
7945
7994
7946
7995
7947
7996
7948
7997
7949
7998
7999
7951
8000
7952
8001
7953
8002
7954
8003
7955
8004
7956
8005
7957
8006
7958
8007
7959
8008
7960
8009
7961
8010
7962
8011
7963
8012
7964
8013
7965
8014
7966
8015
7967
8016
7968
8017
7969
8018
7970
8019
7971
8020
7972
8021
7973
8022
7974
8023
7975
8024
7976
8025
7977
8026
7978
8027
7979
8028
7980
8029
7981
8030
7982
8031
7983
8032
7984
8033
7985
8034
7986
8035
7987
8036
7988
8037
7989
8038
7990
8039
7991
8040
7992
8041
7993
8042
7994
8043
7995
8044
7996
8045
7997
8046
7998
8047
7999
8048
8049
8001
8050
8002
8051
8003
8052
8004
8053
8005
8054
8006
8055
8007
8056
8008
8057
8009
8058
8010
8059
8011
8060
8012
8061
8013
8062
8014
8063
8015
8064
8016
8065
8017
8066
8018
8067
8019
8068
8020
8069
8021
8070
8022
8071
8023
8072
8024
8073
8025
8074
8026
8075
8027
8076
8028
8077
8029
8078
8030
8079
8031
8080
8032
8081
8033
8082
8034
8083
8035
8084
8036
8085
8037
8086
8038
8087
8039
8088
8040
8089
8041
8090
8042
8091
8043
8092
8044
8093
8045
8094
8046
8095
8047
8096
8048
8097
8049
8098
8099
8051
8100
8052
8101
8053
8102
8054
8103
8055
8104
8056
8105
8057
8106
8058
8107
8059
8108
8060
8109
8061
8110
8062
8111
8063
8112
8064
8113
8065
8114
8066
8115
8067
8116
8068
8117
8069
8118
8070
8119
8071
8120
8072
8121
8073
8122
8074
8123
8075
8124
8076
8125
8077
8126
8078
8127
8079
8128
8080
8129
8081
8130
8082
8131
8083
8132
8084
8133
8085
8134
8086
8135
8087
8136
8088
8137
8089
8138
8090
8139
8091
8140
8092
8141
8093
8142
8094
8143
8095
8144
8096
8145
8097
8146
8098
8147
8099
8148
8149
8101
8150
8102
8151
8103
8152
8104
8153
8105
8154
8106
8155
8107
8156
8108
8157
8109
8158
8110
8159
8111
8160
8112
8161
8113
8162
8114
8163
8115
8164
8116
8165
8117
8166
8118
8167
8119
8168
8120
8169
8121
8170
8122
8171
8123
8172
8124
8173
8125
8174
8126
8175
8127
8176
8128
8177
8129
8178
8130
8179
8131
8180
8132
8181
8133
8182
8134
8183
8135
8184
8136
8185
8137
8186
8138
8187
8139
8188
8140
8189
8141
8190
8142
8191
8143
8192
8144
8193
8145
8194
8146
8195
8147
8196
8148
8197
8149
8198
8199
8151
8200
8152
8201
8153
8202
8154
8203
8155
8204
8156
8205
8157
8206
8158
8207
8159
8208
8160
8209
8161
8210
8162
8211
8163
8212
8164
8213
8165
8214
8166
8215
8167
8216
8168
8217
8169
8218
8170
8219
8171
8220
8172
8221
8173
8222
8174
8223
8175
8224
8176
8225
8177
8226
8178
8227
8179
8228
8180
8229
8181
8230
8182
8231
8183
8232
8184
8233
8185
8234
8186
8235
8187
8236
8188
8237
8189
8238
8190
8239
8191
8240
8192
8241
8193
8242
8194
8243
8195
8244
8196
8245
8197
8246
8198
8247
8199
8248
8249
8201
8250
8202
8251
8203
8252
8204
8253
8205
8254
8206
8255
8207
8256
8208
8257
8209
8258
8210
8259
8211
8260
8212
8261
8213
8262
8214
8263
8215
8264
8216
8265
8217
8266
8218
8267
8219
8268
8220
8269
8221
8270
8222
8271
8223
8272
8224
8273
8225
8274
8226
8275
8227
8276
8228
8277
8229
8278
8230
8279
8231
8280
8232
8281
8233
8282
8234
8283
8235
8284
8236
8285
8237
8286
8238
8287
8239
8288
8240
8289
8241
8290
8242
8291
8243
8292
8244
8293
8245
8294
8246
8295
8247
8296
8248
8297
8249
8298
8299
8251
8300
8252
8301
8253
8302
8254
8303
8255
8304
8256
8305
8257
8306
8258
8307
8259
8308
8260
8309
8261
8310
8262
8311
8263
8312
8264
8313
8265
8314
8266
8315
8267
8316
8268
8317
8269
8318
8270
8319
8271
8320
8272
8321
8273
8322
8274
8323
8275
8324
8276
8325
8277
8326
8278
8327
8279
8328
8280
8329
8281
8330
8282
8331
8283
8332
8284
8333
8285
8334
8286
8335
8287
8336
8288
8337
8289
8338
8290
8339
8291
8340
8292
8341
8293
8342
8294
8343
8295
8344
8296
8345
8297
8346
8298
8347
8299
8348
8349
8301
8350
8302
8351
8303
8352
8304
8353
8305
8354
8306
8355
8307
8356
8308
8357
8309
8358
8310
8359
8311
8360
8312
8361
8313
8362
8314
8363
8315
8364
8316
8365
8317
8366
8318
8367
8319
8368
8320
8369
8321
8370
8322
8371
8323
8372
8324
8373
8325
8374
8326
8375
8327
8376
8328
8377
8329
8378
8330
8379
8331
8380
8332
8381
8333
8382
8334
8383
8335
8384
8336
8385
8337
8386
8338
8387
8339
8388
8340
8389
8341
8390
8342
8391
8343
8392
8344
8393
8345
8394
8346
8395
8347
8396
8348
8397
8349
8398
8399
8351
8352
8353
8354
8355
8356
8357
8358
8359
8360
8361
8362
8363
8364
8365
8366
8367
8368
8369
8370
8371
8372
8373
8374
8375
8376
8377
8378
8379
8380
8381
8382
8383
8384
8385
8386
8387
8388
8389
8390
8391
8392
8393
8394
8395
8396
8397
8398
8399
)


// ************************************************************************* //
