/*--------------------------------*- C++ -*----------------------------------*\
| =========                 |                                                 |
| \\      /  F ield         | foam-extend: Open Source CFD                    |
|  \\    /   O peration     | Version:     4.1                                |
|   \\  /    A nd           | Web:         http://www.foam-extend.org         |
|    \\/     M anipulation  |                                                 |
\*---------------------------------------------------------------------------*/
FoamFile
{
    version     2.0;
    format      ascii;
    class       volScalarField;
    location    "5e-05";
    object      Mach;
}
// * * * * * * * * * * * * * * * * * * * * * * * * * * * * * * * * * * * * * //

dimensions      [0 0 0 0 0 0 0];

internalField   nonuniform List<scalar> 
4200
(
10.2683518474
10.2683518474
10.2683518474
10.2683518474
10.2683518474
10.2683518474
10.2683518474
10.2683518474
10.2683518474
10.2683518474
10.2683518474
10.2683518474
10.2683518474
10.2683518474
10.2683518474
10.2683518474
10.2683518474
10.2683518474
10.2683518474
10.2683518474
10.2683518474
10.2683518474
10.2683518474
10.2683518474
10.2683518474
10.2683518474
10.2683518474
10.2683518474
10.2683518474
10.2683518474
10.2683518474
10.2683518474
10.2683518474
10.2683518474
10.2683518474
10.2683518474
10.2683518474
10.2683518474
10.2683518474
10.2683518474
10.2683518474
10.2683518474
10.2683518474
10.2683518474
10.2683518474
10.2683518474
10.2683518473
10.2683518456
10.2683518102
10.2683510693
10.268334956
10.2679627904
10.2584159317
9.99656566093
6.89596282744
2.88190474753
1.2420104918
0.488392893099
0.130001999701
0.172667353218
10.2683518474
10.2683518474
10.2683518474
10.2683518474
10.2683518474
10.2683518474
10.2683518474
10.2683518474
10.2683518474
10.2683518474
10.2683518474
10.2683518474
10.2683518474
10.2683518474
10.2683518474
10.2683518474
10.2683518474
10.2683518474
10.2683518474
10.2683518474
10.2683518474
10.2683518474
10.2683518474
10.2683518474
10.2683518474
10.2683518474
10.2683518474
10.2683518474
10.2683518474
10.2683518474
10.2683518474
10.2683518474
10.2683518474
10.2683518474
10.2683518474
10.2683518474
10.2683518474
10.2683518474
10.2683518474
10.2683518474
10.2683518474
10.2683518474
10.2683518474
10.2683518474
10.2683518474
10.2683518474
10.2683518473
10.2683518456
10.2683518101
10.2683510615
10.2683348023
10.2679576298
10.2582529305
9.99120032411
6.85863262569
2.86028028707
1.23235194001
0.486452026501
0.14478393474
0.183106325488
10.2683518474
10.2683518474
10.2683518474
10.2683518474
10.2683518474
10.2683518474
10.2683518474
10.2683518474
10.2683518474
10.2683518474
10.2683518474
10.2683518474
10.2683518474
10.2683518474
10.2683518474
10.2683518474
10.2683518474
10.2683518474
10.2683518474
10.2683518474
10.2683518474
10.2683518474
10.2683518474
10.2683518474
10.2683518474
10.2683518474
10.2683518474
10.2683518474
10.2683518474
10.2683518474
10.2683518474
10.2683518474
10.2683518474
10.2683518474
10.2683518474
10.2683518474
10.2683518474
10.2683518474
10.2683518474
10.2683518474
10.2683518474
10.2683518474
10.2683518474
10.2683518474
10.2683518474
10.2683518474
10.2683518473
10.2683518456
10.2683518103
10.2683510699
10.2683349525
10.2679615142
10.2583756761
9.99442045293
6.87789801532
2.87189377466
1.24078624237
0.498965427946
0.176617994042
0.206122906337
10.2683518474
10.2683518474
10.2683518474
10.2683518474
10.2683518474
10.2683518474
10.2683518474
10.2683518474
10.2683518474
10.2683518474
10.2683518474
10.2683518474
10.2683518474
10.2683518474
10.2683518474
10.2683518474
10.2683518474
10.2683518474
10.2683518474
10.2683518474
10.2683518474
10.2683518474
10.2683518474
10.2683518474
10.2683518474
10.2683518474
10.2683518474
10.2683518474
10.2683518474
10.2683518474
10.2683518474
10.2683518474
10.2683518474
10.2683518474
10.2683518474
10.2683518474
10.2683518474
10.2683518474
10.2683518474
10.2683518474
10.2683518474
10.2683518474
10.2683518474
10.2683518474
10.2683518474
10.2683518474
10.2683518473
10.2683518456
10.2683518107
10.2683510799
10.2683352277
10.2679688813
10.2585835878
10.0007968507
6.91980759199
2.89727210623
1.25739078842
0.519524567948
0.216252089751
0.236756746119
10.2683518474
10.2683518474
10.2683518474
10.2683518474
10.2683518474
10.2683518474
10.2683518474
10.2683518474
10.2683518474
10.2683518474
10.2683518474
10.2683518474
10.2683518474
10.2683518474
10.2683518474
10.2683518474
10.2683518474
10.2683518474
10.2683518474
10.2683518474
10.2683518474
10.2683518474
10.2683518474
10.2683518474
10.2683518474
10.2683518474
10.2683518474
10.2683518474
10.2683518474
10.2683518474
10.2683518474
10.2683518474
10.2683518474
10.2683518474
10.2683518474
10.2683518474
10.2683518474
10.2683518474
10.2683518474
10.2683518474
10.2683518474
10.2683518474
10.2683518474
10.2683518474
10.2683518474
10.2683518474
10.2683518473
10.2683518456
10.2683518112
10.2683510932
10.2683355739
10.267978652
10.2588789295
10.0093594997
6.97745746125
2.93259977594
1.28012371014
0.546302816157
0.260103093298
0.272408238284
10.2683518474
10.2683518474
10.2683518474
10.2683518474
10.2683518474
10.2683518474
10.2683518474
10.2683518474
10.2683518474
10.2683518474
10.2683518474
10.2683518474
10.2683518474
10.2683518474
10.2683518474
10.2683518474
10.2683518474
10.2683518474
10.2683518474
10.2683518474
10.2683518474
10.2683518474
10.2683518474
10.2683518474
10.2683518474
10.2683518474
10.2683518474
10.2683518474
10.2683518474
10.2683518474
10.2683518474
10.2683518474
10.2683518474
10.2683518474
10.2683518474
10.2683518474
10.2683518474
10.2683518474
10.2683518474
10.2683518474
10.2683518474
10.2683518474
10.2683518474
10.2683518474
10.2683518474
10.2683518474
10.2683518473
10.2683518457
10.2683518119
10.2683511111
10.2683360153
10.2679906281
10.2592321425
10.0196274091
7.04966097854
2.97717134556
1.30849077441
0.578415725716
0.306571583174
0.311480314072
10.2683518474
10.2683518474
10.2683518474
10.2683518474
10.2683518474
10.2683518474
10.2683518474
10.2683518474
10.2683518474
10.2683518474
10.2683518474
10.2683518474
10.2683518474
10.2683518474
10.2683518474
10.2683518474
10.2683518474
10.2683518474
10.2683518474
10.2683518474
10.2683518474
10.2683518474
10.2683518474
10.2683518474
10.2683518474
10.2683518474
10.2683518474
10.2683518474
10.2683518474
10.2683518474
10.2683518474
10.2683518474
10.2683518474
10.2683518474
10.2683518474
10.2683518474
10.2683518474
10.2683518474
10.2683518474
10.2683518474
10.2683518474
10.2683518474
10.2683518474
10.2683518474
10.2683518474
10.2683518474
10.2683518473
10.2683518457
10.2683518127
10.2683511302
10.2683365249
10.2680039212
10.2596289636
10.0315079628
7.1345381448
3.03081409668
1.34232454838
0.615272680888
0.354889683849
0.353019955009
10.2683518474
10.2683518474
10.2683518474
10.2683518474
10.2683518474
10.2683518474
10.2683518474
10.2683518474
10.2683518474
10.2683518474
10.2683518474
10.2683518474
10.2683518474
10.2683518474
10.2683518474
10.2683518474
10.2683518474
10.2683518474
10.2683518474
10.2683518474
10.2683518474
10.2683518474
10.2683518474
10.2683518474
10.2683518474
10.2683518474
10.2683518474
10.2683518474
10.2683518474
10.2683518474
10.2683518474
10.2683518474
10.2683518474
10.2683518474
10.2683518474
10.2683518474
10.2683518474
10.2683518474
10.2683518474
10.2683518474
10.2683518474
10.2683518474
10.2683518474
10.2683518474
10.2683518474
10.2683518474
10.2683518473
10.2683518457
10.2683518136
10.2683511521
10.2683370895
10.2680194297
10.2600576644
10.0444476355
7.23204581161
3.09385958229
1.38158700861
0.656356026064
0.404682915398
0.396433758231
10.2683518474
10.2683518474
10.2683518474
10.2683518474
10.2683518474
10.2683518474
10.2683518474
10.2683518474
10.2683518474
10.2683518474
10.2683518474
10.2683518474
10.2683518474
10.2683518474
10.2683518474
10.2683518474
10.2683518474
10.2683518474
10.2683518474
10.2683518474
10.2683518474
10.2683518474
10.2683518474
10.2683518474
10.2683518474
10.2683518474
10.2683518474
10.2683518474
10.2683518474
10.2683518474
10.2683518474
10.2683518474
10.2683518474
10.2683518474
10.2683518474
10.2683518474
10.2683518474
10.2683518474
10.2683518474
10.2683518474
10.2683518474
10.2683518474
10.2683518474
10.2683518474
10.2683518474
10.2683518474
10.2683518473
10.2683518458
10.2683518145
10.2683511762
10.2683377201
10.2680356017
10.2605442663
10.0581983379
7.34169908304
3.1667816982
1.42634031048
0.701279297027
0.455768195366
0.441377630761
10.2683518474
10.2683518474
10.2683518474
10.2683518474
10.2683518474
10.2683518474
10.2683518474
10.2683518474
10.2683518474
10.2683518474
10.2683518474
10.2683518474
10.2683518474
10.2683518474
10.2683518474
10.2683518474
10.2683518474
10.2683518474
10.2683518474
10.2683518474
10.2683518474
10.2683518474
10.2683518474
10.2683518474
10.2683518474
10.2683518474
10.2683518474
10.2683518474
10.2683518474
10.2683518474
10.2683518474
10.2683518474
10.2683518474
10.2683518474
10.2683518474
10.2683518474
10.2683518474
10.2683518474
10.2683518474
10.2683518474
10.2683518474
10.2683518474
10.2683518474
10.2683518474
10.2683518474
10.2683518474
10.2683518473
10.2683518458
10.2683518154
10.2683511998
10.268338322
10.2680517252
10.2610225925
10.0727325021
7.46297353619
3.24956854329
1.47653208992
0.749734885868
0.508061385009
0.487631800375
10.2683518474
10.2683518474
10.2683518474
10.2683518474
10.2683518474
10.2683518474
10.2683518474
10.2683518474
10.2683518474
10.2683518474
10.2683518474
10.2683518474
10.2683518474
10.2683518474
10.2683518474
10.2683518474
10.2683518474
10.2683518474
10.2683518474
10.2683518474
10.2683518474
10.2683518474
10.2683518474
10.2683518474
10.2683518474
10.2683518474
10.2683518474
10.2683518474
10.2683518474
10.2683518474
10.2683518474
10.2683518474
10.2683518474
10.2683518474
10.2683518474
10.2683518474
10.2683518474
10.2683518474
10.2683518474
10.2683518474
10.2683518474
10.2683518474
10.2683518474
10.2683518474
10.2683518474
10.2683518474
10.2683518473
10.2683518458
10.2683518165
10.2683512257
10.2683389948
10.2680707624
10.2615234897
10.0875622467
7.59426142847
3.34295343051
1.53220653515
0.801438148157
0.561566710045
0.535103859094
10.2683518474
10.2683518474
10.2683518474
10.2683518474
10.2683518474
10.2683518474
10.2683518474
10.2683518474
10.2683518474
10.2683518474
10.2683518474
10.2683518474
10.2683518474
10.2683518474
10.2683518474
10.2683518474
10.2683518474
10.2683518474
10.2683518474
10.2683518474
10.2683518474
10.2683518474
10.2683518474
10.2683518474
10.2683518474
10.2683518474
10.2683518474
10.2683518474
10.2683518474
10.2683518474
10.2683518474
10.2683518474
10.2683518474
10.2683518474
10.2683518474
10.2683518474
10.2683518474
10.2683518474
10.2683518474
10.2683518474
10.2683518474
10.2683518474
10.2683518474
10.2683518474
10.2683518474
10.2683518474
10.2683518473
10.2683518459
10.2683518175
10.2683512522
10.268339693
10.2680870824
10.2620335155
10.1023968119
7.73466353454
3.4469388824
1.59335764911
0.856312415191
0.616331267358
0.58372073518
10.2683518474
10.2683518474
10.2683518474
10.2683518474
10.2683518474
10.2683518474
10.2683518474
10.2683518474
10.2683518474
10.2683518474
10.2683518474
10.2683518474
10.2683518474
10.2683518474
10.2683518474
10.2683518474
10.2683518474
10.2683518474
10.2683518474
10.2683518474
10.2683518474
10.2683518474
10.2683518474
10.2683518474
10.2683518474
10.2683518474
10.2683518474
10.2683518474
10.2683518474
10.2683518474
10.2683518474
10.2683518474
10.2683518474
10.2683518474
10.2683518474
10.2683518474
10.2683518474
10.2683518474
10.2683518474
10.2683518474
10.2683518474
10.2683518474
10.2683518474
10.2683518474
10.2683518474
10.2683518474
10.2683518473
10.2683518459
10.2683518185
10.268351279
10.2683403837
10.2681051558
10.2625332839
10.1170572849
7.88264428099
3.56219287299
1.6601435007
0.91424974384
0.67240950399
0.633486838988
10.2683518474
10.2683518474
10.2683518474
10.2683518474
10.2683518474
10.2683518474
10.2683518474
10.2683518474
10.2683518474
10.2683518474
10.2683518474
10.2683518474
10.2683518474
10.2683518474
10.2683518474
10.2683518474
10.2683518474
10.2683518474
10.2683518474
10.2683518474
10.2683518474
10.2683518474
10.2683518474
10.2683518474
10.2683518474
10.2683518474
10.2683518474
10.2683518474
10.2683518474
10.2683518474
10.2683518474
10.2683518474
10.2683518474
10.2683518474
10.2683518474
10.2683518474
10.2683518474
10.2683518474
10.2683518474
10.2683518474
10.2683518474
10.2683518474
10.2683518474
10.2683518474
10.2683518474
10.2683518474
10.2683518473
10.2683518459
10.2683518196
10.2683513091
10.268341014
10.2681226068
10.2630274486
10.131348279
8.03665721887
3.68920328074
1.73268705243
0.975232159801
0.729924687262
0.684429216398
10.2683518474
10.2683518474
10.2683518474
10.2683518474
10.2683518474
10.2683518474
10.2683518474
10.2683518474
10.2683518474
10.2683518474
10.2683518474
10.2683518474
10.2683518474
10.2683518474
10.2683518474
10.2683518474
10.2683518474
10.2683518474
10.2683518474
10.2683518474
10.2683518474
10.2683518474
10.2683518474
10.2683518474
10.2683518474
10.2683518474
10.2683518474
10.2683518474
10.2683518474
10.2683518474
10.2683518474
10.2683518474
10.2683518474
10.2683518474
10.2683518474
10.2683518474
10.2683518474
10.2683518474
10.2683518474
10.2683518474
10.2683518474
10.2683518474
10.2683518474
10.2683518474
10.2683518474
10.2683518474
10.2683518473
10.268351846
10.2683518206
10.2683513333
10.2683416923
10.2681399307
10.2634991352
10.1449035466
8.19518557062
3.82851554523
1.81123809701
1.03933381846
0.788962368424
0.736613716169
10.2683518474
10.2683518474
10.2683518474
10.2683518474
10.2683518474
10.2683518474
10.2683518474
10.2683518474
10.2683518474
10.2683518474
10.2683518474
10.2683518474
10.2683518474
10.2683518474
10.2683518474
10.2683518474
10.2683518474
10.2683518474
10.2683518474
10.2683518474
10.2683518474
10.2683518474
10.2683518474
10.2683518474
10.2683518474
10.2683518474
10.2683518474
10.2683518474
10.2683518474
10.2683518474
10.2683518474
10.2683518474
10.2683518474
10.2683518474
10.2683518474
10.2683518474
10.2683518474
10.2683518474
10.2683518474
10.2683518474
10.2683518474
10.2683518474
10.2683518474
10.2683518474
10.2683518474
10.2683518474
10.2683518473
10.268351846
10.2683518216
10.2683513596
10.2683423431
10.2681564464
10.2639460611
10.1579449767
8.35608490353
3.98064383927
1.89611023981
1.10660998063
0.849691773035
0.790096273676
10.2683518474
10.2683518474
10.2683518474
10.2683518474
10.2683518474
10.2683518474
10.2683518474
10.2683518474
10.2683518474
10.2683518474
10.2683518474
10.2683518474
10.2683518474
10.2683518474
10.2683518474
10.2683518474
10.2683518474
10.2683518474
10.2683518474
10.2683518474
10.2683518474
10.2683518474
10.2683518474
10.2683518474
10.2683518474
10.2683518474
10.2683518474
10.2683518474
10.2683518474
10.2683518474
10.2683518474
10.2683518474
10.2683518474
10.2683518474
10.2683518474
10.2683518474
10.2683518474
10.2683518474
10.2683518474
10.2683518474
10.2683518474
10.2683518474
10.2683518474
10.2683518474
10.2683518474
10.2683518474
10.2683518473
10.2683518461
10.2683518227
10.2683513869
10.2683429848
10.2681724326
10.2643762365
10.1701311828
8.51835205081
4.14682892462
1.98768588725
1.1772347586
0.912298250186
0.84501067409
10.2683518474
10.2683518474
10.2683518474
10.2683518474
10.2683518474
10.2683518474
10.2683518474
10.2683518474
10.2683518474
10.2683518474
10.2683518474
10.2683518474
10.2683518474
10.2683518474
10.2683518474
10.2683518474
10.2683518474
10.2683518474
10.2683518474
10.2683518474
10.2683518474
10.2683518474
10.2683518474
10.2683518474
10.2683518474
10.2683518474
10.2683518474
10.2683518474
10.2683518474
10.2683518474
10.2683518474
10.2683518474
10.2683518474
10.2683518474
10.2683518474
10.2683518474
10.2683518474
10.2683518474
10.2683518474
10.2683518474
10.2683518474
10.2683518474
10.2683518474
10.2683518474
10.2683518474
10.2683518474
10.2683518473
10.2683518461
10.2683518235
10.2683514105
10.2683436019
10.2681872798
10.2647675003
10.1815271084
8.67903467281
4.32696623142
2.08623025044
1.2514286876
0.97688668259
0.901435637442
10.2683518474
10.2683518474
10.2683518474
10.2683518474
10.2683518474
10.2683518474
10.2683518474
10.2683518474
10.2683518474
10.2683518474
10.2683518474
10.2683518474
10.2683518474
10.2683518474
10.2683518474
10.2683518474
10.2683518474
10.2683518474
10.2683518474
10.2683518474
10.2683518474
10.2683518474
10.2683518474
10.2683518474
10.2683518474
10.2683518474
10.2683518474
10.2683518474
10.2683518474
10.2683518474
10.2683518474
10.2683518474
10.2683518474
10.2683518474
10.2683518474
10.2683518474
10.2683518474
10.2683518474
10.2683518474
10.2683518474
10.2683518474
10.2683518474
10.2683518474
10.2683518474
10.2683518474
10.2683518474
10.2683518473
10.2683518461
10.2683518245
10.2683514348
10.2683441606
10.268201356
10.2651382457
10.1919473145
8.83625648279
4.52166851547
2.192086489
1.3293014389
1.043640329
0.959463808403
10.2683518474
10.2683518474
10.2683518474
10.2683518474
10.2683518474
10.2683518474
10.2683518474
10.2683518474
10.2683518474
10.2683518474
10.2683518474
10.2683518474
10.2683518474
10.2683518474
10.2683518474
10.2683518474
10.2683518474
10.2683518474
10.2683518474
10.2683518474
10.2683518474
10.2683518474
10.2683518474
10.2683518474
10.2683518474
10.2683518474
10.2683518474
10.2683518474
10.2683518474
10.2683518474
10.2683518474
10.2683518474
10.2683518474
10.2683518474
10.2683518474
10.2683518474
10.2683518474
10.2683518474
10.2683518474
10.2683518474
10.2683518474
10.2683518474
10.2683518474
10.2683518474
10.2683518474
10.2683518474
10.2683518473
10.2683518461
10.2683518254
10.2683514571
10.2683446919
10.2682147368
10.2654869265
10.2014362582
8.98790389201
4.73138044533
2.30593719427
1.41108651838
1.11275280881
1.01924921318
10.2683518474
10.2683518474
10.2683518474
10.2683518474
10.2683518474
10.2683518474
10.2683518474
10.2683518474
10.2683518474
10.2683518474
10.2683518474
10.2683518474
10.2683518474
10.2683518474
10.2683518474
10.2683518474
10.2683518474
10.2683518474
10.2683518474
10.2683518474
10.2683518474
10.2683518474
10.2683518474
10.2683518474
10.2683518474
10.2683518474
10.2683518474
10.2683518474
10.2683518474
10.2683518474
10.2683518474
10.2683518474
10.2683518474
10.2683518474
10.2683518474
10.2683518474
10.2683518474
10.2683518474
10.2683518474
10.2683518474
10.2683518474
10.2683518474
10.2683518474
10.2683518474
10.2683518474
10.2683518474
10.2683518473
10.2683518462
10.2683518262
10.2683514772
10.268345194
10.2682269484
10.2658017787
10.2099750351
9.13186373794
4.95511211066
2.42772090786
1.49694032855
1.18437106022
1.08087807795
10.2683518474
10.2683518474
10.2683518474
10.2683518474
10.2683518474
10.2683518474
10.2683518474
10.2683518474
10.2683518474
10.2683518474
10.2683518474
10.2683518474
10.2683518474
10.2683518474
10.2683518474
10.2683518474
10.2683518474
10.2683518474
10.2683518474
10.2683518474
10.2683518474
10.2683518474
10.2683518474
10.2683518474
10.2683518474
10.2683518474
10.2683518474
10.2683518474
10.2683518474
10.2683518474
10.2683518474
10.2683518474
10.2683518474
10.2683518474
10.2683518474
10.2683518474
10.2683518474
10.2683518474
10.2683518474
10.2683518474
10.2683518474
10.2683518474
10.2683518474
10.2683518474
10.2683518474
10.2683518474
10.2683518473
10.2683518462
10.2683518268
10.2683514949
10.2683456409
10.2682377684
10.2660768666
10.2175233458
9.26678101405
5.19290172166
2.5580804975
1.58719645961
1.25874967419
1.14452279124
10.2683518474
10.2683518474
10.2683518474
10.2683518474
10.2683518474
10.2683518474
10.2683518474
10.2683518474
10.2683518474
10.2683518474
10.2683518474
10.2683518474
10.2683518474
10.2683518474
10.2683518474
10.2683518474
10.2683518474
10.2683518474
10.2683518474
10.2683518474
10.2683518474
10.2683518474
10.2683518474
10.2683518474
10.2683518474
10.2683518474
10.2683518474
10.2683518474
10.2683518474
10.2683518474
10.2683518474
10.2683518474
10.2683518474
10.2683518474
10.2683518474
10.2683518474
10.2683518474
10.2683518474
10.2683518474
10.2683518474
10.2683518474
10.2683518474
10.2683518474
10.2683518474
10.2683518474
10.2683518474
10.2683518473
10.2683518462
10.2683518275
10.268351513
10.2683460853
10.2682479829
10.2663262886
10.2242460547
9.39133198318
5.44417482802
2.69762801319
1.68206088689
1.33618750045
1.21039884076
10.2683518474
10.2683518474
10.2683518474
10.2683518474
10.2683518474
10.2683518474
10.2683518474
10.2683518474
10.2683518474
10.2683518474
10.2683518474
10.2683518474
10.2683518474
10.2683518474
10.2683518474
10.2683518474
10.2683518474
10.2683518474
10.2683518474
10.2683518474
10.2683518474
10.2683518474
10.2683518474
10.2683518474
10.2683518474
10.2683518474
10.2683518474
10.2683518474
10.2683518474
10.2683518474
10.2683518474
10.2683518474
10.2683518474
10.2683518474
10.2683518474
10.2683518474
10.2683518474
10.2683518474
10.2683518474
10.2683518474
10.2683518474
10.2683518474
10.2683518474
10.2683518474
10.2683518474
10.2683518474
10.2683518473
10.2683518462
10.268351828
10.2683515284
10.2683464716
10.2682572217
10.2665536715
10.230139747
9.50566853464
5.70872584099
2.84722137743
1.78220232626
1.41693217637
1.27871095183
10.2683518474
10.2683518474
10.2683518474
10.2683518474
10.2683518474
10.2683518474
10.2683518474
10.2683518474
10.2683518474
10.2683518474
10.2683518474
10.2683518474
10.2683518474
10.2683518474
10.2683518474
10.2683518474
10.2683518474
10.2683518474
10.2683518474
10.2683518474
10.2683518474
10.2683518474
10.2683518474
10.2683518474
10.2683518474
10.2683518474
10.2683518474
10.2683518474
10.2683518474
10.2683518474
10.2683518474
10.2683518474
10.2683518474
10.2683518474
10.2683518474
10.2683518474
10.2683518474
10.2683518474
10.2683518474
10.2683518474
10.2683518474
10.2683518474
10.2683518474
10.2683518474
10.2683518474
10.2683518474
10.2683518473
10.2683518462
10.2683518284
10.2683515427
10.2683468289
10.2682654293
10.2667532272
10.2352996974
9.60940067834
5.98520435447
3.00775109909
1.8879740953
1.50133454156
1.34966812534
10.2683518474
10.2683518474
10.2683518474
10.2683518474
10.2683518474
10.2683518474
10.2683518474
10.2683518474
10.2683518474
10.2683518474
10.2683518474
10.2683518474
10.2683518474
10.2683518474
10.2683518474
10.2683518474
10.2683518474
10.2683518474
10.2683518474
10.2683518474
10.2683518474
10.2683518474
10.2683518474
10.2683518474
10.2683518474
10.2683518474
10.2683518474
10.2683518474
10.2683518474
10.2683518474
10.2683518474
10.2683518474
10.2683518474
10.2683518474
10.2683518474
10.2683518474
10.2683518474
10.2683518474
10.2683518474
10.2683518474
10.2683518474
10.2683518474
10.2683518474
10.2683518474
10.2683518474
10.2683518474
10.2683518473
10.2683518462
10.2683518288
10.2683515546
10.2683471356
10.2682728705
10.2669305514
10.2397966755
9.70205123699
6.27195471571
3.17955753392
1.99978351495
1.58964192645
1.42350247796
10.2683518474
10.2683518474
10.2683518474
10.2683518474
10.2683518474
10.2683518474
10.2683518474
10.2683518474
10.2683518474
10.2683518474
10.2683518474
10.2683518474
10.2683518474
10.2683518474
10.2683518474
10.2683518474
10.2683518474
10.2683518474
10.2683518474
10.2683518474
10.2683518474
10.2683518474
10.2683518474
10.2683518474
10.2683518474
10.2683518474
10.2683518474
10.2683518474
10.2683518474
10.2683518474
10.2683518474
10.2683518474
10.2683518474
10.2683518474
10.2683518474
10.2683518474
10.2683518474
10.2683518474
10.2683518474
10.2683518474
10.2683518474
10.2683518474
10.2683518474
10.2683518474
10.2683518474
10.2683518474
10.2683518473
10.2683518462
10.268351829
10.268351565
10.2683474147
10.2682796982
10.2670873998
10.2437006107
9.78407214993
6.56542578771
3.36353095877
2.1180224136
1.68217833095
1.50041358236
10.2683518474
10.2683518474
10.2683518474
10.2683518474
10.2683518474
10.2683518474
10.2683518474
10.2683518474
10.2683518474
10.2683518474
10.2683518474
10.2683518474
10.2683518474
10.2683518474
10.2683518474
10.2683518474
10.2683518474
10.2683518474
10.2683518474
10.2683518474
10.2683518474
10.2683518474
10.2683518474
10.2683518474
10.2683518474
10.2683518474
10.2683518474
10.2683518474
10.2683518474
10.2683518474
10.2683518474
10.2683518474
10.2683518474
10.2683518474
10.2683518474
10.2683518474
10.2683518474
10.2683518474
10.2683518474
10.2683518474
10.2683518474
10.2683518474
10.2683518474
10.2683518474
10.2683518474
10.2683518474
10.2683518473
10.2683518462
10.2683518292
10.268351575
10.2683476781
10.2682855321
10.2672261534
10.2470719692
9.85566141262
6.86310175303
3.56003388044
2.2431818104
1.77931335703
1.58069911996
10.2683518474
10.2683518474
10.2683518474
10.2683518474
10.2683518474
10.2683518474
10.2683518474
10.2683518474
10.2683518474
10.2683518474
10.2683518474
10.2683518474
10.2683518474
10.2683518474
10.2683518474
10.2683518474
10.2683518474
10.2683518474
10.2683518474
10.2683518474
10.2683518474
10.2683518474
10.2683518474
10.2683518474
10.2683518474
10.2683518474
10.2683518474
10.2683518474
10.2683518474
10.2683518474
10.2683518474
10.2683518474
10.2683518474
10.2683518474
10.2683518474
10.2683518474
10.2683518474
10.2683518474
10.2683518474
10.2683518474
10.2683518474
10.2683518474
10.2683518474
10.2683518474
10.2683518474
10.2683518474
10.2683518473
10.2683518462
10.2683518292
10.2683515821
10.2683478849
10.2682906625
10.2673453515
10.2499624661
9.91774909193
7.16116159441
3.76955112087
2.37590753111
1.88135383144
1.66458544324
10.2683518474
10.2683518474
10.2683518474
10.2683518474
10.2683518474
10.2683518474
10.2683518474
10.2683518474
10.2683518474
10.2683518474
10.2683518474
10.2683518474
10.2683518474
10.2683518474
10.2683518474
10.2683518474
10.2683518474
10.2683518474
10.2683518474
10.2683518474
10.2683518474
10.2683518474
10.2683518474
10.2683518474
10.2683518474
10.2683518474
10.2683518474
10.2683518474
10.2683518474
10.2683518474
10.2683518474
10.2683518474
10.2683518474
10.2683518474
10.2683518474
10.2683518474
10.2683518474
10.2683518474
10.2683518474
10.2683518474
10.2683518474
10.2683518474
10.2683518474
10.2683518474
10.2683518474
10.2683518474
10.2683518473
10.2683518461
10.2683518291
10.2683515873
10.2683480792
10.2682952403
10.2674497867
10.2524114589
9.97097987495
7.4552657972
3.99253751986
2.51646273287
1.98863466689
1.75236734688
10.2683518474
10.2683518474
10.2683518474
10.2683518474
10.2683518474
10.2683518474
10.2683518474
10.2683518474
10.2683518474
10.2683518474
10.2683518474
10.2683518474
10.2683518474
10.2683518474
10.2683518474
10.2683518474
10.2683518474
10.2683518474
10.2683518474
10.2683518474
10.2683518474
10.2683518474
10.2683518474
10.2683518474
10.2683518474
10.2683518474
10.2683518474
10.2683518474
10.2683518474
10.2683518474
10.2683518474
10.2683518474
10.2683518474
10.2683518474
10.2683518474
10.2683518474
10.2683518474
10.2683518474
10.2683518474
10.2683518474
10.2683518474
10.2683518474
10.2683518474
10.2683518474
10.2683518474
10.2683518474
10.2683518473
10.2683518461
10.2683518289
10.2683515916
10.2683482359
10.268299308
10.2675393938
10.2545017192
10.0164033353
7.74164500331
4.22902068651
2.66540118175
2.10180602526
1.84443491208
10.2683518474
10.2683518474
10.2683518474
10.2683518474
10.2683518474
10.2683518474
10.2683518474
10.2683518474
10.2683518474
10.2683518474
10.2683518474
10.2683518474
10.2683518474
10.2683518474
10.2683518474
10.2683518474
10.2683518474
10.2683518474
10.2683518474
10.2683518474
10.2683518474
10.2683518474
10.2683518474
10.2683518474
10.2683518474
10.2683518474
10.2683518474
10.2683518474
10.2683518474
10.2683518474
10.2683518474
10.2683518474
10.2683518474
10.2683518474
10.2683518474
10.2683518474
10.2683518474
10.2683518474
10.2683518474
10.2683518474
10.2683518474
10.2683518474
10.2683518474
10.2683518474
10.2683518474
10.2683518474
10.2683518473
10.268351846
10.2683518286
10.2683515931
10.268348366
10.2683026865
10.2676167473
10.2562914483
10.0549307929
8.01658302373
4.47928885003
2.82362212267
2.22109903609
1.94109826637
10.2683518474
10.2683518474
10.2683518474
10.2683518474
10.2683518474
10.2683518474
10.2683518474
10.2683518474
10.2683518474
10.2683518474
10.2683518474
10.2683518474
10.2683518474
10.2683518474
10.2683518474
10.2683518474
10.2683518474
10.2683518474
10.2683518474
10.2683518474
10.2683518474
10.2683518474
10.2683518474
10.2683518474
10.2683518474
10.2683518474
10.2683518474
10.2683518474
10.2683518474
10.2683518474
10.2683518474
10.2683518474
10.2683518474
10.2683518474
10.2683518474
10.2683518474
10.2683518474
10.2683518474
10.2683518474
10.2683518474
10.2683518474
10.2683518474
10.2683518474
10.2683518474
10.2683518474
10.2683518474
10.2683518473
10.2683518459
10.2683518281
10.2683515936
10.2683484668
10.2683056459
10.2676845273
10.2578026759
10.0874214986
8.27703695938
4.74291770532
2.99145529831
2.34720372838
2.04273695072
10.2683518474
10.2683518474
10.2683518474
10.2683518474
10.2683518474
10.2683518474
10.2683518474
10.2683518474
10.2683518474
10.2683518474
10.2683518474
10.2683518474
10.2683518474
10.2683518474
10.2683518474
10.2683518474
10.2683518474
10.2683518474
10.2683518474
10.2683518474
10.2683518474
10.2683518474
10.2683518474
10.2683518474
10.2683518474
10.2683518474
10.2683518474
10.2683518474
10.2683518474
10.2683518474
10.2683518474
10.2683518474
10.2683518474
10.2683518474
10.2683518474
10.2683518474
10.2683518474
10.2683518474
10.2683518474
10.2683518474
10.2683518474
10.2683518474
10.2683518474
10.2683518474
10.2683518474
10.2683518474
10.2683518473
10.2683518458
10.2683518274
10.2683515916
10.268348544
10.2683080966
10.267742193
10.2590809948
10.1147865668
8.5195875663
5.01938439335
3.16954393778
2.48038514949
2.14977758896
10.2683518474
10.2683518474
10.2683518474
10.2683518474
10.2683518474
10.2683518474
10.2683518474
10.2683518474
10.2683518474
10.2683518474
10.2683518474
10.2683518474
10.2683518474
10.2683518474
10.2683518474
10.2683518474
10.2683518474
10.2683518474
10.2683518474
10.2683518474
10.2683518474
10.2683518474
10.2683518474
10.2683518474
10.2683518474
10.2683518474
10.2683518474
10.2683518474
10.2683518474
10.2683518474
10.2683518474
10.2683518474
10.2683518474
10.2683518474
10.2683518474
10.2683518474
10.2683518474
10.2683518474
10.2683518474
10.2683518474
10.2683518474
10.2683518474
10.2683518474
10.2683518474
10.2683518474
10.2683518474
10.2683518473
10.2683518457
10.2683518264
10.2683515878
10.2683485896
10.2683100744
10.2677919536
10.2601586659
10.1376515308
8.74175185552
5.30708855943
3.35824755443
2.62112764592
2.26252860656
10.2683518474
10.2683518474
10.2683518474
10.2683518474
10.2683518474
10.2683518474
10.2683518474
10.2683518474
10.2683518474
10.2683518474
10.2683518474
10.2683518474
10.2683518474
10.2683518474
10.2683518474
10.2683518474
10.2683518474
10.2683518474
10.2683518474
10.2683518474
10.2683518474
10.2683518474
10.2683518474
10.2683518474
10.2683518474
10.2683518474
10.2683518474
10.2683518474
10.2683518474
10.2683518474
10.2683518474
10.2683518474
10.2683518474
10.2683518474
10.2683518474
10.2683518474
10.2683518474
10.2683518474
10.2683518474
10.2683518474
10.2683518474
10.2683518474
10.2683518474
10.2683518474
10.2683518474
10.2683518474
10.2683518473
10.2683518456
10.2683518253
10.2683515806
10.2683486077
10.2683117259
10.267832647
10.2610691757
10.1565057966
8.94222547501
5.60385145418
3.55782452776
2.76994781564
2.38138168862
10.2683518474
10.2683518474
10.2683518474
10.2683518474
10.2683518474
10.2683518474
10.2683518474
10.2683518474
10.2683518474
10.2683518474
10.2683518474
10.2683518474
10.2683518474
10.2683518474
10.2683518474
10.2683518474
10.2683518474
10.2683518474
10.2683518474
10.2683518474
10.2683518474
10.2683518474
10.2683518474
10.2683518474
10.2683518474
10.2683518474
10.2683518474
10.2683518474
10.2683518474
10.2683518474
10.2683518474
10.2683518474
10.2683518474
10.2683518474
10.2683518474
10.2683518474
10.2683518474
10.2683518474
10.2683518474
10.2683518474
10.2683518474
10.2683518474
10.2683518474
10.2683518474
10.2683518474
10.2683518474
10.2683518472
10.2683518454
10.2683518238
10.2683515711
10.2683485927
10.2683128951
10.2678671235
10.2618301365
10.1722380695
9.12077404382
5.90775526029
3.76856398891
2.9273169694
2.5068465939
10.2683518474
10.2683518474
10.2683518474
10.2683518474
10.2683518474
10.2683518474
10.2683518474
10.2683518474
10.2683518474
10.2683518474
10.2683518474
10.2683518474
10.2683518474
10.2683518474
10.2683518474
10.2683518474
10.2683518474
10.2683518474
10.2683518474
10.2683518474
10.2683518474
10.2683518474
10.2683518474
10.2683518474
10.2683518474
10.2683518474
10.2683518474
10.2683518474
10.2683518474
10.2683518474
10.2683518474
10.2683518474
10.2683518474
10.2683518474
10.2683518474
10.2683518474
10.2683518474
10.2683518474
10.2683518474
10.2683518474
10.2683518474
10.2683518474
10.2683518474
10.2683518474
10.2683518474
10.2683518474
10.2683518472
10.2683518452
10.2683518221
10.268351559
10.2683485506
10.2683137722
10.2678950021
10.2624643384
10.1853135103
9.27817216957
6.21577338773
3.99118116504
3.0937105575
2.63942325681
10.2683518474
10.2683518474
10.2683518474
10.2683518474
10.2683518474
10.2683518474
10.2683518474
10.2683518474
10.2683518474
10.2683518474
10.2683518474
10.2683518474
10.2683518474
10.2683518474
10.2683518474
10.2683518474
10.2683518474
10.2683518474
10.2683518474
10.2683518474
10.2683518474
10.2683518474
10.2683518474
10.2683518474
10.2683518474
10.2683518474
10.2683518474
10.2683518474
10.2683518474
10.2683518474
10.2683518474
10.2683518474
10.2683518474
10.2683518474
10.2683518474
10.2683518474
10.2683518474
10.2683518474
10.2683518474
10.2683518474
10.2683518474
10.2683518474
10.2683518474
10.2683518474
10.2683518474
10.2683518474
10.2683518472
10.2683518449
10.2683518198
10.2683515428
10.2683484843
10.2683142543
10.2679177094
10.263002679
10.1961881468
9.41532433402
6.52490519866
4.22502067579
3.2699435665
2.77968732922
10.2683518474
10.2683518474
10.2683518474
10.2683518474
10.2683518474
10.2683518474
10.2683518474
10.2683518474
10.2683518474
10.2683518474
10.2683518474
10.2683518474
10.2683518474
10.2683518474
10.2683518474
10.2683518474
10.2683518474
10.2683518474
10.2683518474
10.2683518474
10.2683518474
10.2683518474
10.2683518474
10.2683518474
10.2683518474
10.2683518474
10.2683518474
10.2683518474
10.2683518474
10.2683518474
10.2683518474
10.2683518474
10.2683518474
10.2683518474
10.2683518474
10.2683518474
10.2683518474
10.2683518474
10.2683518474
10.2683518474
10.2683518474
10.2683518474
10.2683518474
10.2683518474
10.2683518474
10.2683518474
10.2683518472
10.2683518446
10.2683518171
10.2683515221
10.2683483609
10.2683143278
10.2679354061
10.2634452132
10.2051736376
9.53340919406
6.83110726693
4.47038914483
3.45604971819
2.92803357801
10.2683518474
10.2683518474
10.2683518474
10.2683518474
10.2683518474
10.2683518474
10.2683518474
10.2683518474
10.2683518474
10.2683518474
10.2683518474
10.2683518474
10.2683518474
10.2683518474
10.2683518474
10.2683518474
10.2683518474
10.2683518474
10.2683518474
10.2683518474
10.2683518474
10.2683518474
10.2683518474
10.2683518474
10.2683518474
10.2683518474
10.2683518474
10.2683518474
10.2683518474
10.2683518474
10.2683518474
10.2683518474
10.2683518474
10.2683518474
10.2683518474
10.2683518474
10.2683518474
10.2683518474
10.2683518474
10.2683518474
10.2683518474
10.2683518474
10.2683518474
10.2683518474
10.2683518474
10.2683518474
10.2683518471
10.2683518442
10.2683518139
10.2683514977
10.268348217
10.268314054
10.2679492792
10.2638070767
10.2126258225
9.63438857395
7.13159834305
4.72662679726
3.65284746973
3.08501938555
10.2683518474
10.2683518474
10.2683518474
10.2683518474
10.2683518474
10.2683518474
10.2683518474
10.2683518474
10.2683518474
10.2683518474
10.2683518474
10.2683518474
10.2683518474
10.2683518474
10.2683518474
10.2683518474
10.2683518474
10.2683518474
10.2683518474
10.2683518474
10.2683518474
10.2683518474
10.2683518474
10.2683518474
10.2683518474
10.2683518474
10.2683518474
10.2683518474
10.2683518474
10.2683518474
10.2683518474
10.2683518474
10.2683518474
10.2683518474
10.2683518474
10.2683518474
10.2683518474
10.2683518474
10.2683518474
10.2683518474
10.2683518474
10.2683518474
10.2683518474
10.2683518474
10.2683518474
10.2683518474
10.2683518471
10.2683518438
10.2683518099
10.2683514662
10.2683480203
10.2683133897
10.2679575911
10.2641068456
10.2188088814
9.72059194479
7.42188548243
4.99310748523
3.86022361866
3.25130640756
10.2683518474
10.2683518474
10.2683518474
10.2683518474
10.2683518474
10.2683518474
10.2683518474
10.2683518474
10.2683518474
10.2683518474
10.2683518474
10.2683518474
10.2683518474
10.2683518474
10.2683518474
10.2683518474
10.2683518474
10.2683518474
10.2683518474
10.2683518474
10.2683518474
10.2683518474
10.2683518474
10.2683518474
10.2683518474
10.2683518474
10.2683518474
10.2683518474
10.2683518474
10.2683518474
10.2683518474
10.2683518474
10.2683518474
10.2683518474
10.2683518474
10.2683518474
10.2683518474
10.2683518474
10.2683518474
10.2683518474
10.2683518474
10.2683518474
10.2683518474
10.2683518474
10.2683518474
10.2683518474
10.268351847
10.2683518432
10.268351805
10.2683514293
10.2683477671
10.2683123113
10.2679626015
10.2643453205
10.2238958948
9.79308379544
7.69887423184
5.26902064453
4.07899188256
3.42740230097
10.2683518474
10.2683518474
10.2683518474
10.2683518474
10.2683518474
10.2683518474
10.2683518474
10.2683518474
10.2683518474
10.2683518474
10.2683518474
10.2683518474
10.2683518474
10.2683518474
10.2683518474
10.2683518474
10.2683518474
10.2683518474
10.2683518474
10.2683518474
10.2683518474
10.2683518474
10.2683518474
10.2683518474
10.2683518474
10.2683518474
10.2683518474
10.2683518474
10.2683518474
10.2683518474
10.2683518474
10.2683518474
10.2683518474
10.2683518474
10.2683518474
10.2683518474
10.2683518474
10.2683518474
10.2683518474
10.2683518474
10.2683518474
10.2683518474
10.2683518474
10.2683518474
10.2683518474
10.2683518474
10.2683518469
10.2683518425
10.268351799
10.2683513831
10.2683474667
10.2683107659
10.2679634501
10.2645286245
10.2281174708
9.85448047606
7.96050401187
5.55214432964
4.30921164327
3.61393938056
10.2683518474
10.2683518474
10.2683518474
10.2683518474
10.2683518474
10.2683518474
10.2683518474
10.2683518474
10.2683518474
10.2683518474
10.2683518474
10.2683518474
10.2683518474
10.2683518474
10.2683518474
10.2683518474
10.2683518474
10.2683518474
10.2683518474
10.2683518474
10.2683518474
10.2683518474
10.2683518474
10.2683518474
10.2683518474
10.2683518474
10.2683518474
10.2683518474
10.2683518474
10.2683518474
10.2683518474
10.2683518474
10.2683518474
10.2683518474
10.2683518474
10.2683518474
10.2683518474
10.2683518474
10.2683518474
10.2683518474
10.2683518474
10.2683518474
10.2683518474
10.2683518474
10.2683518474
10.2683518474
10.2683518468
10.2683518416
10.2683517917
10.2683513268
10.268347087
10.2683087563
10.2679598206
10.2646737017
10.2315626737
9.90594020465
8.20349256875
5.84160772266
4.55084806523
3.8114639561
10.2683518474
10.2683518474
10.2683518474
10.2683518474
10.2683518474
10.2683518474
10.2683518474
10.2683518474
10.2683518474
10.2683518474
10.2683518474
10.2683518474
10.2683518474
10.2683518474
10.2683518474
10.2683518474
10.2683518474
10.2683518474
10.2683518474
10.2683518474
10.2683518474
10.2683518474
10.2683518474
10.2683518474
10.2683518474
10.2683518474
10.2683518474
10.2683518474
10.2683518474
10.2683518474
10.2683518474
10.2683518474
10.2683518474
10.2683518474
10.2683518474
10.2683518474
10.2683518474
10.2683518474
10.2683518474
10.2683518474
10.2683518474
10.2683518474
10.2683518474
10.2683518474
10.2683518474
10.2683518473
10.2683518467
10.2683518405
10.2683517828
10.2683512586
10.2683466179
10.2683061262
10.2679521628
10.2647691583
10.2343882073
9.94892738697
8.4266629405
6.13476030991
4.80410509326
4.02018456954
10.2683518474
10.2683518474
10.2683518474
10.2683518474
10.2683518474
10.2683518474
10.2683518474
10.2683518474
10.2683518474
10.2683518474
10.2683518474
10.2683518474
10.2683518474
10.2683518474
10.2683518474
10.2683518474
10.2683518474
10.2683518474
10.2683518474
10.2683518474
10.2683518474
10.2683518474
10.2683518474
10.2683518474
10.2683518474
10.2683518474
10.2683518474
10.2683518474
10.2683518474
10.2683518474
10.2683518474
10.2683518474
10.2683518474
10.2683518474
10.2683518474
10.2683518474
10.2683518474
10.2683518474
10.2683518474
10.2683518474
10.2683518474
10.2683518474
10.2683518474
10.2683518474
10.2683518474
10.2683518473
10.2683518465
10.2683518391
10.2683517716
10.2683511762
10.2683460532
10.2683027889
10.2679400936
10.2648328507
10.2366710674
9.98480533256
8.63016904635
6.42919935126
5.06772526475
4.24130262632
10.2683518474
10.2683518474
10.2683518474
10.2683518474
10.2683518474
10.2683518474
10.2683518474
10.2683518474
10.2683518474
10.2683518474
10.2683518474
10.2683518474
10.2683518474
10.2683518474
10.2683518474
10.2683518474
10.2683518474
10.2683518474
10.2683518474
10.2683518474
10.2683518474
10.2683518474
10.2683518474
10.2683518474
10.2683518474
10.2683518474
10.2683518474
10.2683518474
10.2683518474
10.2683518474
10.2683518474
10.2683518474
10.2683518474
10.2683518474
10.2683518474
10.2683518474
10.2683518474
10.2683518474
10.2683518474
10.2683518474
10.2683518474
10.2683518474
10.2683518474
10.2683518474
10.2683518474
10.2683518473
10.2683518463
10.2683518374
10.2683517581
10.2683510734
10.2683453671
10.268298803
10.2679236984
10.2648490095
10.2384881217
10.0149549105
8.81305761697
6.7225802359
5.34139325771
4.47484905852
10.2683518474
10.2683518474
10.2683518474
10.2683518474
10.2683518474
10.2683518474
10.2683518474
10.2683518474
10.2683518474
10.2683518474
10.2683518474
10.2683518474
10.2683518474
10.2683518474
10.2683518474
10.2683518474
10.2683518474
10.2683518474
10.2683518474
10.2683518474
10.2683518474
10.2683518474
10.2683518474
10.2683518474
10.2683518474
10.2683518474
10.2683518474
10.2683518474
10.2683518474
10.2683518474
10.2683518474
10.2683518474
10.2683518474
10.2683518474
10.2683518474
10.2683518474
10.2683518474
10.2683518474
10.2683518474
10.2683518474
10.2683518474
10.2683518474
10.2683518474
10.2683518474
10.2683518474
10.2683518473
10.2683518461
10.2683518353
10.2683517411
10.2683509494
10.2683445322
10.2682939432
10.2679014962
10.2648315427
10.2399510194
10.0400688047
8.97680962301
7.01205514858
5.62529743074
4.72133703862
10.2683518474
10.2683518474
10.2683518474
10.2683518474
10.2683518474
10.2683518474
10.2683518474
10.2683518474
10.2683518474
10.2683518474
10.2683518474
10.2683518474
10.2683518474
10.2683518474
10.2683518474
10.2683518474
10.2683518474
10.2683518474
10.2683518474
10.2683518474
10.2683518474
10.2683518474
10.2683518474
10.2683518474
10.2683518474
10.2683518474
10.2683518474
10.2683518474
10.2683518474
10.2683518474
10.2683518474
10.2683518474
10.2683518474
10.2683518474
10.2683518474
10.2683518474
10.2683518474
10.2683518474
10.2683518474
10.2683518474
10.2683518474
10.2683518474
10.2683518474
10.2683518474
10.2683518474
10.2683518472
10.2683518458
10.2683518326
10.2683517204
10.2683507989
10.2683435343
10.2682881306
10.267874643
10.2647878196
10.2410644212
10.0613129178
9.1222694866
7.2954244926
5.91792035595
4.98166083369
10.2683518474
10.2683518474
10.2683518474
10.2683518474
10.2683518474
10.2683518474
10.2683518474
10.2683518474
10.2683518474
10.2683518474
10.2683518474
10.2683518474
10.2683518474
10.2683518474
10.2683518474
10.2683518474
10.2683518474
10.2683518474
10.2683518474
10.2683518474
10.2683518474
10.2683518474
10.2683518474
10.2683518474
10.2683518474
10.2683518474
10.2683518474
10.2683518474
10.2683518474
10.2683518474
10.2683518474
10.2683518474
10.2683518474
10.2683518474
10.2683518474
10.2683518474
10.2683518474
10.2683518474
10.2683518474
10.2683518474
10.2683518474
10.2683518474
10.2683518474
10.2683518474
10.2683518474
10.2683518472
10.2683518453
10.2683518293
10.2683516946
10.268350616
10.2683423453
10.2682811243
10.2678416985
10.2646953603
10.2418585657
10.0787939013
9.25031114769
7.56949315391
6.21764897175
5.25610703456
10.2683518474
10.2683518474
10.2683518474
10.2683518474
10.2683518474
10.2683518474
10.2683518474
10.2683518474
10.2683518474
10.2683518474
10.2683518474
10.2683518474
10.2683518474
10.2683518474
10.2683518474
10.2683518474
10.2683518474
10.2683518474
10.2683518474
10.2683518474
10.2683518474
10.2683518474
10.2683518474
10.2683518474
10.2683518474
10.2683518474
10.2683518474
10.2683518474
10.2683518474
10.2683518474
10.2683518474
10.2683518474
10.2683518474
10.2683518474
10.2683518474
10.2683518474
10.2683518474
10.2683518474
10.2683518474
10.2683518474
10.2683518474
10.2683518474
10.2683518474
10.2683518474
10.2683518474
10.2683518471
10.2683518448
10.2683518251
10.2683516627
10.2683503917
10.2683409023
10.2682728902
10.2678005702
10.2645860721
10.2424531924
10.0938417693
9.36405931777
7.83393059479
6.52361894499
5.54488162011
10.2683518474
10.2683518474
10.2683518474
10.2683518474
10.2683518474
10.2683518474
10.2683518474
10.2683518474
10.2683518474
10.2683518474
10.2683518474
10.2683518474
10.2683518474
10.2683518474
10.2683518474
10.2683518474
10.2683518474
10.2683518474
10.2683518474
10.2683518474
10.2683518474
10.2683518474
10.2683518474
10.2683518474
10.2683518474
10.2683518474
10.2683518474
10.2683518474
10.2683518474
10.2683518474
10.2683518474
10.2683518474
10.2683518474
10.2683518474
10.2683518474
10.2683518474
10.2683518474
10.2683518474
10.2683518474
10.2683518474
10.2683518474
10.2683518474
10.2683518474
10.2683518474
10.2683518474
10.2683518471
10.2683518442
10.2683518198
10.2683516234
10.2683501228
10.2683391785
10.2682630903
10.2677554802
10.2644370198
10.2428169746
10.1064069017
9.46368878303
8.08530509044
6.8332235274
5.84838238499
10.2683518474
10.2683518474
10.2683518474
10.2683518474
10.2683518474
10.2683518474
10.2683518474
10.2683518474
10.2683518474
10.2683518474
10.2683518474
10.2683518474
10.2683518474
10.2683518474
10.2683518474
10.2683518474
10.2683518474
10.2683518474
10.2683518474
10.2683518474
10.2683518474
10.2683518474
10.2683518474
10.2683518474
10.2683518474
10.2683518474
10.2683518474
10.2683518474
10.2683518474
10.2683518474
10.2683518474
10.2683518474
10.2683518474
10.2683518474
10.2683518474
10.2683518474
10.2683518474
10.2683518474
10.2683518474
10.2683518474
10.2683518474
10.2683518474
10.2683518474
10.2683518474
10.2683518474
10.268351847
10.2683518434
10.2683518134
10.268351576
10.2683497957
10.2683371369
10.2682517328
10.2677008039
10.2642580022
10.2430176576
10.1171940706
9.55175558835
8.32271272173
7.14470519616
6.16694874574
10.2683518474
10.2683518474
10.2683518474
10.2683518474
10.2683518474
10.2683518474
10.2683518474
10.2683518474
10.2683518474
10.2683518474
10.2683518474
10.2683518474
10.2683518474
10.2683518474
10.2683518474
10.2683518474
10.2683518474
10.2683518474
10.2683518474
10.2683518474
10.2683518474
10.2683518474
10.2683518474
10.2683518474
10.2683518474
10.2683518474
10.2683518474
10.2683518474
10.2683518474
10.2683518474
10.2683518474
10.2683518474
10.2683518474
10.2683518474
10.2683518474
10.2683518474
10.2683518474
10.2683518474
10.2683518474
10.2683518474
10.2683518474
10.2683518474
10.2683518474
10.2683518474
10.2683518473
10.2683518468
10.2683518423
10.2683518053
10.2683515172
10.2683494026
10.2683347402
10.268238677
10.26763993
10.2640510411
10.2430568155
10.1266298088
9.62984627709
8.54627601664
7.45626552316
6.50141648913
10.2683518474
10.2683518474
10.2683518474
10.2683518474
10.2683518474
10.2683518474
10.2683518474
10.2683518474
10.2683518474
10.2683518474
10.2683518474
10.2683518474
10.2683518474
10.2683518474
10.2683518474
10.2683518474
10.2683518474
10.2683518474
10.2683518474
10.2683518474
10.2683518474
10.2683518474
10.2683518474
10.2683518474
10.2683518474
10.2683518474
10.2683518474
10.2683518474
10.2683518474
10.2683518474
10.2683518474
10.2683518474
10.2683518474
10.2683518474
10.2683518474
10.2683518474
10.2683518474
10.2683518474
10.2683518474
10.2683518474
10.2683518474
10.2683518474
10.2683518474
10.2683518474
10.2683518473
10.2683518467
10.2683518411
10.2683517955
10.2683514471
10.2683489388
10.2683319495
10.268223693
10.2675717626
10.2638217073
10.2430490371
10.1351347355
9.69997270443
8.75514074695
7.76486846902
6.85166343963
10.2683518474
10.2683518474
10.2683518474
10.2683518474
10.2683518474
10.2683518474
10.2683518474
10.2683518474
10.2683518474
10.2683518474
10.2683518474
10.2683518474
10.2683518474
10.2683518474
10.2683518474
10.2683518474
10.2683518474
10.2683518474
10.2683518474
10.2683518474
10.2683518474
10.2683518474
10.2683518474
10.2683518474
10.2683518474
10.2683518474
10.2683518474
10.2683518474
10.2683518474
10.2683518474
10.2683518474
10.2683518474
10.2683518474
10.2683518474
10.2683518474
10.2683518474
10.2683518474
10.2683518474
10.2683518474
10.2683518474
10.2683518474
10.2683518474
10.2683518474
10.2683518474
10.2683518473
10.2683518465
10.2683518395
10.2683517837
10.2683513647
10.2683484067
10.2683287898
10.268207067
10.2674972274
10.2635816371
10.2430234087
10.1429831791
9.76322844486
8.9496804149
8.06854880146
7.21874136148
10.2683518474
10.2683518474
10.2683518474
10.2683518474
10.2683518474
10.2683518474
10.2683518474
10.2683518474
10.2683518474
10.2683518474
10.2683518474
10.2683518474
10.2683518474
10.2683518474
10.2683518474
10.2683518474
10.2683518474
10.2683518474
10.2683518474
10.2683518474
10.2683518474
10.2683518474
10.2683518474
10.2683518474
10.2683518474
10.2683518474
10.2683518474
10.2683518474
10.2683518474
10.2683518474
10.2683518474
10.2683518474
10.2683518474
10.2683518474
10.2683518474
10.2683518474
10.2683518474
10.2683518474
10.2683518474
10.2683518474
10.2683518474
10.2683518474
10.2683518474
10.2683518474
10.2683518473
10.2683518463
10.2683518377
10.2683517702
10.26835127
10.2683478003
10.2683253358
10.2681894758
10.2674215116
10.2633537644
10.2430669581
10.1507172131
9.82174191083
9.13111658476
8.36387264286
7.60465371854
10.2683518474
10.2683518474
10.2683518474
10.2683518474
10.2683518474
10.2683518474
10.2683518474
10.2683518474
10.2683518474
10.2683518474
10.2683518474
10.2683518474
10.2683518474
10.2683518474
10.2683518474
10.2683518474
10.2683518474
10.2683518474
10.2683518474
10.2683518474
10.2683518474
10.2683518474
10.2683518474
10.2683518474
10.2683518474
10.2683518474
10.2683518474
10.2683518474
10.2683518474
10.2683518474
10.2683518474
10.2683518474
10.2683518474
10.2683518474
10.2683518474
10.2683518474
10.2683518474
10.2683518474
10.2683518474
10.2683518474
10.2683518474
10.2683518474
10.2683518474
10.2683518474
10.2683518472
10.268351846
10.2683518356
10.2683517547
10.268351165
10.2683471505
10.2683216437
10.2681710391
10.2673487212
10.2631585883
10.2433040867
10.1586325917
9.87600775239
9.29948566644
8.64844636707
8.00351242304
10.2683518474
10.2683518474
10.2683518474
10.2683518474
10.2683518474
10.2683518474
10.2683518474
10.2683518474
10.2683518474
10.2683518474
10.2683518474
10.2683518474
10.2683518474
10.2683518474
10.2683518474
10.2683518474
10.2683518474
10.2683518474
10.2683518474
10.2683518474
10.2683518474
10.2683518474
10.2683518474
10.2683518474
10.2683518474
10.2683518474
10.2683518474
10.2683518474
10.2683518474
10.2683518474
10.2683518474
10.2683518474
10.2683518474
10.2683518474
10.2683518474
10.2683518474
10.2683518474
10.2683518474
10.2683518474
10.2683518474
10.2683518474
10.2683518474
10.2683518474
10.2683518474
10.2683518472
10.2683518457
10.2683518331
10.2683517371
10.2683510466
10.2683464288
10.2683176823
10.2681524835
10.267273765
10.2629809843
10.243635468
10.1663733624
9.9240814784
9.44729026717
8.91034877845
8.40702110368
10.2683518474
10.2683518474
10.2683518474
10.2683518474
10.2683518474
10.2683518474
10.2683518474
10.2683518474
10.2683518474
10.2683518474
10.2683518474
10.2683518474
10.2683518474
10.2683518474
10.2683518474
10.2683518474
10.2683518474
10.2683518474
10.2683518474
10.2683518474
10.2683518474
10.2683518474
10.2683518474
10.2683518474
10.2683518474
10.2683518474
10.2683518474
10.2683518474
10.2683518474
10.2683518474
10.2683518474
10.2683518474
10.2683518474
10.2683518474
10.2683518474
10.2683518474
10.2683518474
10.2683518474
10.2683518474
10.2683518474
10.2683518474
10.2683518474
10.2683518474
10.2683518474
10.2683518474
10.2683518474
10.2683518474
10.2683518474
10.2683518474
10.2683518474
10.2683518474
10.2683518474
10.2683518474
10.2683518474
10.2683518474
10.2683518474
10.2683518474
10.2683518474
10.2683518474
10.2683518474
10.2683518474
10.2683518474
10.2683518474
10.2683518474
10.2683518474
10.2683518474
10.2683518474
10.2683518474
10.2683518474
10.2683518474
10.2683518474
10.2683518474
10.2683518474
10.2683518474
10.2683518474
10.2683518474
10.2683518474
10.2683518474
10.2683518474
10.2683518474
10.2683518474
10.2683518474
10.2683518474
10.2683518474
10.2683518474
10.2683518474
10.2683518474
10.2683518474
10.2683518474
10.2683518474
10.2683518474
10.2683518474
10.2683518474
10.2683518474
10.2683518474
10.2683518474
10.2683518474
10.2683518474
10.2683518474
10.2683518474
10.2683518474
10.2683518474
10.2683518474
10.2683518474
10.2683518474
10.2683518474
10.2683518474
10.2683518474
10.2683518474
10.2683518474
10.2683518474
10.2683518474
10.2683518474
10.2683518474
10.2683518474
10.2683518474
10.2683518474
10.2683518474
10.2683518474
10.2683518474
10.2683518474
10.2683518474
10.2683518474
10.2683518474
10.2683518474
10.2683518474
10.2683518474
10.2683518474
10.2683518474
10.2683518474
10.2683518474
10.2683518474
10.2683518474
10.2683518474
10.2683518474
10.2683518474
10.2683518474
10.2683518474
10.2683518474
10.2683518474
10.2683518474
10.2683518474
10.2683518474
10.2683518474
10.2683518474
10.2683518474
10.2683518474
10.2683518474
10.2683518474
10.2683518474
10.2683518474
10.2683518474
10.2683518474
10.2683518474
10.2683518474
10.2683518474
10.2683518474
10.2683518474
10.2683518474
10.2683518474
10.2683518474
10.2683518474
10.2683518474
10.2683518474
10.2683518474
10.2683518474
10.2683518474
10.2683518474
10.2683518474
10.2683518474
10.2683518474
10.2683518474
10.2683518474
10.2683518474
10.2683518474
10.2683518474
10.2683518474
10.2683518474
10.2683518474
10.2683518474
10.2683518474
10.2683518474
10.2683518474
10.2683518474
10.2683518474
10.2683518474
10.2683518474
10.2683518474
10.2683518474
10.2683518474
10.2683518474
10.2683518474
10.2683518474
10.2683518474
10.2683518474
10.2683518474
10.2683518474
10.2683518474
10.2683518474
10.2683518474
10.2683518474
10.2683518474
10.2683518474
10.2683518474
10.2683518474
10.2683518474
10.2683518474
10.2683518474
10.2683518474
10.2683518474
10.2683518474
10.2683518474
10.2683518474
10.2683518474
10.2683518474
10.2683518474
10.2683518474
10.2683518474
10.2683518474
10.2683518474
10.2683518474
10.2683518474
10.2683518474
10.2683518474
10.2683518474
10.2683518474
10.2683518474
10.2683518474
10.2683518474
10.2683518474
10.2683518474
10.2683518474
10.2683518474
10.2683518474
10.2683518474
10.2683518474
10.2683518474
10.2683518474
10.2683518474
10.2683518474
10.2683518474
10.2683518474
10.2683518474
10.2683518474
10.2683518474
10.2683518474
10.2683518474
10.2683518474
10.2683518474
10.2683518474
10.2683518474
10.2683518474
10.2683518474
10.2683518474
10.2683518474
10.2683518474
10.2683518474
10.2683518474
10.2683518474
10.2683518474
10.2683518474
10.2683518474
10.2683518474
10.2683518474
10.2683518474
10.2683518474
10.2683518474
10.2683518474
10.2683518474
10.2683518474
10.2683518474
10.2683518474
10.2683518474
10.2683518474
10.2683518474
10.2683518474
10.2683518474
10.2683518474
10.2683518474
10.2683518474
10.2683518474
10.2683518474
10.2683518474
10.2683518474
10.2683518474
10.2683518474
10.2683518474
10.2683518474
10.2683518474
10.2683518474
10.2683518474
10.2683518474
10.2683518474
10.2683518474
10.2683518474
10.2683518474
10.2683518474
10.2683518474
10.2683518474
10.2683518474
10.2683518474
10.2683518474
10.2683518474
10.2683518474
10.2683518474
10.2683518474
10.2683518474
10.2683518474
10.2683518474
10.2683518474
10.2683518474
10.2683518474
10.2683518474
10.2683518474
10.2683518474
10.2683518474
10.2683518474
10.2683518474
10.2683518474
10.2683518474
10.2683518474
10.2683518474
10.2683518474
10.2683518474
10.2683518474
10.2683518474
10.2683518474
10.2683518474
10.2683518474
10.2683518474
10.2683518474
10.2683518474
10.2683518474
10.2683518474
10.2683518474
10.2683518474
10.2683518474
10.2683518474
10.2683518474
10.2683518474
10.2683518474
10.2683518474
10.2683518474
10.2683518474
10.2683518474
10.2683518474
10.2683518474
10.2683518474
10.2683518474
10.2683518474
10.2683518474
10.2683518474
10.2683518474
10.2683518474
10.2683518474
10.2683518474
10.2683518474
10.2683518474
10.2683518474
10.2683518474
10.2683518474
10.2683518474
10.2683518474
10.2683518474
10.2683518474
10.2683518474
10.2683518474
10.2683518474
10.2683518474
10.2683518474
10.2683518474
10.2683518474
10.2683518474
10.2683518474
10.2683518474
10.2683518474
10.2683518474
10.2683518474
10.2683518474
10.2683518474
10.2683518474
10.2683518474
10.2683518474
10.2683518474
10.2683518474
10.2683518474
10.2683518474
10.2683518474
10.2683518474
10.2683518474
10.2683518474
10.2683518474
10.2683518474
10.2683518474
10.2683518474
10.2683518474
10.2683518474
10.2683518474
10.2683518474
10.2683518474
10.2683518474
10.2683518474
10.2683518474
10.2683518474
10.2683518474
10.2683518474
10.2683518474
10.2683518474
10.2683518474
10.2683518474
10.2683518474
10.2683518474
10.2683518474
10.2683518474
10.2683518474
10.2683518474
10.2683518474
10.2683518474
10.2683518474
10.2683518474
10.2683518474
10.2683518474
10.2683518474
10.2683518474
10.2683518474
10.2683518474
10.2683518474
10.2683518474
10.2683518474
10.2683518474
10.2683518474
10.2683518474
10.2683518474
10.2683518474
10.2683518474
10.2683518474
10.2683518474
10.2683518474
10.2683518474
10.2683518474
10.2683518474
10.2683518474
10.2683518474
10.2683518474
10.2683518474
10.2683518474
10.2683518474
10.2683518474
10.2683518474
10.2683518474
10.2683518474
10.2683518474
10.2683518474
10.2683518474
10.2683518474
10.2683518474
10.2683518474
10.2683518474
10.2683518474
10.2683518474
10.2683518474
10.2683518474
10.2683518474
10.2683518474
10.2683518474
10.2683518474
10.2683518474
10.2683518474
10.2683518474
10.2683518474
10.2683518474
10.2683518474
10.2683518474
10.2683518474
10.2683518474
10.2683518474
10.2683518474
10.2683518474
10.2683518474
10.2683518474
10.2683518474
10.2683518474
10.2683518474
10.2683518474
10.2683518474
10.2683518474
10.2683518474
10.2683518474
10.2683518474
10.2683518474
10.2683518474
10.2683518474
10.2683518474
10.2683518474
10.2683518474
10.2683518474
10.2683518474
10.2683518474
10.2683518474
10.2683518474
10.2683518474
10.2683518474
10.2683518474
10.2683518474
10.2683518474
10.2683518474
10.2683518474
10.2683518474
10.2683518474
10.2683518474
10.2683518474
10.2683518474
10.2683518474
10.2683518474
10.2683518474
10.2683518474
10.2683518474
10.2683518474
10.2683518474
10.2683518474
10.2683518474
10.2683518474
10.2683518474
10.2683518474
10.2683518474
10.2683518474
10.2683518474
10.2683518474
10.2683518474
10.2683518474
10.2683518474
10.2683518474
10.2683518474
10.2683518474
10.2683518474
10.2683518474
10.2683518474
10.2683518474
10.2683518474
10.2683518474
10.2683518474
10.2683518474
10.2683518474
10.2683518474
10.2683518474
10.2683518474
10.2683518474
10.2683518474
10.2683518474
10.2683518474
10.2683518474
10.2683518474
10.2683518474
10.2683518474
10.2683518474
10.2683518474
10.2683518474
10.2683518474
10.2683518474
10.2683518474
10.2683518474
10.2683518474
10.2683518474
10.2683518474
10.2683518474
10.2683518474
10.2683518474
10.2683518474
10.2683518474
10.2683518474
10.2683518474
10.2683518474
10.2683518474
10.2683518474
10.2683518474
10.2683518474
10.2683518474
10.2683518474
10.2683518474
10.2683518474
10.2683518474
10.2683518474
10.2683518474
10.2683518474
10.2683518474
10.2683518474
10.2683518474
10.2683518474
10.2683518474
10.2683518474
10.2683518474
10.2683518474
10.2683518474
10.2683518474
10.2683518474
10.2683518474
10.2683518474
10.2683518474
10.2683518474
10.2683518474
)
;

boundaryField
{
    bottom
    {
        type            empty;
    }
    inlet
    {
        type            fixedValue;
        value           uniform 10.2683518474;
    }
    outlet
    {
        type            zeroGradient;
    }
    obstacle
    {
        type            fixedValue;
        value           uniform 0;
    }
    wedgefront
    {
        type            wedge;
    }
    wedgeback
    {
        type            wedge;
    }
}


// ************************************************************************* //
