/*--------------------------------*- C++ -*----------------------------------*\
| =========                 |                                                 |
| \\      /  F ield         | foam-extend: Open Source CFD                    |
|  \\    /   O peration     | Version:     4.1                                |
|   \\  /    A nd           | Web:         http://www.foam-extend.org         |
|    \\/     M anipulation  |                                                 |
\*---------------------------------------------------------------------------*/
FoamFile
{
    version     2.0;
    format      ascii;
    class       volScalarField;
    location    "5e-05";
    object      p;
}
// * * * * * * * * * * * * * * * * * * * * * * * * * * * * * * * * * * * * * //

dimensions      [1 -1 -2 0 0 0 0];

internalField   nonuniform List<scalar> 
4200
(
4999.99999993
4999.99999993
4999.99999993
4999.99999993
4999.99999993
4999.99999993
4999.99999993
4999.99999993
4999.99999993
4999.99999993
4999.99999992
4999.99999992
4999.99999992
4999.99999992
4999.99999992
4999.99999992
4999.99999992
4999.99999992
4999.99999992
4999.99999992
4999.99999992
4999.99999992
4999.99999992
4999.99999991
4999.99999991
4999.99999991
4999.99999992
4999.99999991
4999.99999991
4999.99999991
4999.99999991
4999.99999991
4999.99999991
4999.99999991
4999.99999991
4999.99999991
4999.99999991
4999.99999991
4999.99999991
4999.99999991
4999.99999991
4999.99999992
4999.99999992
4999.99999991
4999.99999992
4999.99999993
5000.00000012
5000.00000408
5000.00008473
5000.00173702
5000.03583979
5000.74182616
5015.44400783
5334.51447762
11490.3920737
59422.6195213
203664.845897
456314.868313
792905.803501
1408985.2118
4999.99999996
4999.99999996
4999.99999997
4999.99999996
4999.99999997
4999.99999997
4999.99999997
4999.99999997
4999.99999997
4999.99999997
4999.99999997
4999.99999997
4999.99999996
4999.99999997
4999.99999996
4999.99999996
4999.99999997
4999.99999997
4999.99999997
4999.99999996
4999.99999996
4999.99999997
4999.99999997
4999.99999996
4999.99999996
4999.99999996
4999.99999997
4999.99999996
4999.99999996
4999.99999996
4999.99999996
4999.99999996
4999.99999996
4999.99999996
4999.99999996
4999.99999996
4999.99999996
4999.99999996
4999.99999996
4999.99999996
4999.99999996
4999.99999996
4999.99999996
4999.99999996
4999.99999996
4999.99999997
5000.00000017
5000.00000416
5000.00008529
5000.00175277
5000.0361841
5000.75156692
5015.67825337
5340.945358
11617.2640255
60248.3434033
206268.163271
462488.424442
805325.593329
1431415.80063
4999.99999998
4999.99999998
4999.99999998
4999.99999998
4999.99999998
4999.99999998
4999.99999998
4999.99999998
4999.99999998
4999.99999998
4999.99999998
4999.99999998
4999.99999998
4999.99999998
4999.99999997
4999.99999997
4999.99999998
4999.99999998
4999.99999998
4999.99999998
4999.99999998
4999.99999998
4999.99999998
4999.99999998
4999.99999998
4999.99999998
4999.99999998
4999.99999998
4999.99999998
4999.99999998
4999.99999998
4999.99999998
4999.99999998
4999.99999998
4999.99999998
4999.99999998
4999.99999998
4999.99999997
4999.99999997
4999.99999997
4999.99999997
4999.99999997
4999.99999997
4999.99999996
4999.99999997
4999.99999998
5000.00000018
5000.00000414
5000.00008484
5000.00173836
5000.03589672
5000.74486388
5015.52129515
5337.28426624
11554.8731798
59896.3993789
205399.913309
461203.364039
804331.252779
1432399.92837
4999.99999999
4999.99999999
4999.99999999
4999.99999999
4999.99999999
4999.99999999
4999.99999999
4999.99999999
4999.99999999
4999.99999999
4999.99999999
4999.99999999
4999.99999999
4999.99999998
4999.99999998
4999.99999998
4999.99999998
4999.99999998
4999.99999998
4999.99999998
4999.99999998
4999.99999998
4999.99999998
4999.99999998
4999.99999998
4999.99999998
4999.99999998
4999.99999999
4999.99999999
4999.99999999
4999.99999998
4999.99999999
4999.99999998
4999.99999998
4999.99999998
4999.99999998
4999.99999998
4999.99999998
4999.99999999
4999.99999999
4999.99999999
4999.99999998
4999.99999998
4999.99999998
4999.99999998
4999.99999999
5000.00000018
5000.00000412
5000.00008383
5000.00171666
5000.03535383
5000.73200576
5015.22504993
5329.83045401
11419.2818919
59092.7211648
203318.711006
457657.755217
800043.258349
1429422.63686
4999.99999999
4999.99999999
4999.99999999
4999.99999999
4999.99999999
4999.99999999
4999.99999999
4999.99999999
4999.99999999
4999.99999999
4999.99999999
4999.99999999
4999.99999999
4999.99999999
4999.99999999
4999.99999999
4999.99999999
4999.99999999
4999.99999999
4999.99999999
4999.99999999
4999.99999999
4999.99999999
4999.99999999
4999.99999999
4999.99999999
4999.99999999
4999.99999999
4999.99999999
4999.99999999
4999.99999999
4999.99999999
4999.99999999
4999.99999999
4999.99999999
4999.99999999
4999.99999999
4999.99999999
4999.99999999
4999.99999999
4999.99999999
4999.99999999
4999.99999999
4999.99999999
4999.99999999
5000
5000.00000019
5000.00000408
5000.00008277
5000.00168784
5000.03465149
5000.71499711
5014.81986956
5319.87874508
11235.7229591
57993.4769076
200428.792915
452678.997186
793831.584042
1424503.83569
5000
4999.99999999
4999.99999999
4999.99999999
4999.99999999
4999.99999999
4999.99999999
4999.99999999
4999.99999999
4999.99999999
4999.99999999
4999.99999999
4999.99999999
4999.99999999
4999.99999999
4999.99999999
4999.99999999
4999.99999999
4999.99999999
4999.99999999
4999.99999999
4999.99999999
4999.99999999
4999.99999999
4999.99999999
4999.99999999
4999.99999999
4999.99999999
4999.99999999
4999.99999999
4999.99999999
5000
4999.99999999
4999.99999999
4999.99999999
4999.99999999
4999.99999999
4999.99999999
4999.99999999
4999.99999999
4999.99999999
4999.99999999
4999.99999999
4999.99999999
4999.99999999
5000
5000.0000002
5000.00000403
5000.00008132
5000.00165115
5000.03377595
5000.69419959
5014.33691933
5307.94031756
11011.8583374
56639.8058717
196854.224051
446501.096837
786024.383486
1418217.34205
4999.99999999
4999.99999999
4999.99999999
4999.99999999
4999.99999999
4999.99999999
4999.99999999
4999.99999999
4999.99999999
4999.99999999
4999.99999999
4999.99999999
4999.99999999
4999.99999999
4999.99999999
4999.99999999
4999.99999999
4999.99999999
4999.99999999
4999.99999999
4999.99999999
4999.99999999
4999.99999999
4999.99999999
4999.99999999
4999.99999999
4999.99999999
5000
4999.99999999
4999.99999999
4999.99999999
5000
5000
5000
5000
5000
4999.99999999
5000
5000
5000
5000
4999.99999999
4999.99999999
4999.99999999
4999.99999999
5000
5000.00000019
5000.00000397
5000.00007976
5000.00161059
5000.03277459
5000.6707296
5013.77972492
5294.17311368
10756.8313488
55068.3879639
192649.709531
439157.731193
776686.634194
1410437.73403
4999.99999999
4999.99999999
4999.99999999
4999.99999999
4999.99999999
5000
5000
5000
5000
5000
5000
5000
5000
5000
5000
5000
5000
5000
5000
5000
5000
5000
5000
5000
4999.99999999
4999.99999999
4999.99999999
4999.99999999
4999.99999999
4999.99999999
4999.99999999
4999.99999999
4999.99999999
4999.99999999
4999.99999999
4999.99999999
4999.99999999
4999.99999999
4999.99999999
5000
4999.99999999
4999.99999999
4999.99999999
4999.99999999
4999.99999999
5000
5000.00000019
5000.0000039
5000.00007788
5000.00156492
5000.0316605
5000.64401557
5013.17701916
5279.15771467
10473.842161
53290.9272973
187858.264663
430736.747629
765870.313145
1401230.12579
4999.99999999
4999.99999999
4999.99999999
5000
4999.99999999
4999.99999999
4999.99999999
5000
4999.99999999
5000
5000
5000
5000
5000
5000
5000
5000
4999.99999999
4999.99999999
4999.99999999
4999.99999999
5000
4999.99999999
5000
4999.99999999
4999.99999999
4999.99999999
4999.99999999
4999.99999999
4999.99999999
4999.99999999
4999.99999999
4999.99999999
4999.99999999
4999.99999999
4999.99999999
4999.99999999
4999.99999999
4999.99999999
4999.99999999
4999.99999999
4999.99999999
4999.99999999
4999.99999999
4999.99999999
5000
5000.00000019
5000.00000383
5000.00007587
5000.00151468
5000.03043041
5000.61557707
5012.50119514
5263.22108014
10167.9315382
51329.7090262
182503.926643
421275.396098
753613.227009
1390597.8627
4999.99999999
4999.99999999
4999.99999999
4999.99999999
4999.99999999
4999.99999999
4999.99999999
4999.99999999
4999.99999999
4999.99999999
4999.99999999
4999.99999999
5000
4999.99999999
5000
5000
5000
5000
5000
5000
5000
5000
5000
5000
5000
5000
5000
5000
5000
5000
5000
5000
4999.99999999
4999.99999999
4999.99999999
4999.99999999
4999.99999999
4999.99999999
4999.99999999
4999.99999999
4999.99999999
4999.99999999
4999.99999999
4999.99999999
4999.99999999
5000
5000.00000019
5000.00000375
5000.00007388
5000.00146387
5000.02920433
5000.58630086
5011.81794711
5246.35431416
9844.08878595
49216.3952821
176651.341713
410819.774443
739974.783622
1378542.19817
5000
5000
5000
5000
5000
5000
5000
4999.99999999
4999.99999999
5000
5000
5000
4999.99999999
4999.99999999
4999.99999999
4999.99999999
4999.99999999
4999.99999999
4999.99999999
4999.99999999
4999.99999999
5000
4999.99999999
4999.99999999
5000
5000
5000
5000
5000
5000
5000
5000
5000
5000
4999.99999999
4999.99999999
4999.99999999
4999.99999999
4999.99999999
4999.99999999
4999.99999999
4999.99999999
5000
4999.99999999
5000
5000
5000.00000019
5000.00000368
5000.00007158
5000.0014083
5000.0278498
5000.55369371
5011.10752982
5229.08125343
9509.59800296
46969.8710805
170346.915641
399490.072968
724985.671867
1364851.3185
5000
5000
5000
5000
5000
5000
5000
5000
5000
5000
5000
5000
5000
5000
5000
5000
5000
5000
5000
5000
5000
5000
5000
5000
5000
5000
5000
5000
5000
5000
5000
5000
5000
5000
5000
5000
5000
4999.99999999
5000
5000
5000
5000
5000
5000
5000
5000
5000.00000018
5000.00000359
5000.00006942
5000.00135262
5000.02647546
5000.52363324
5010.37596463
5211.84083014
9169.20266008
44625.340318
163661.654768
387303.582696
708691.716044
1349592.50891
5000
5000
5000
5000
5000
5000
5000
5000
5000
5000
5000
5000
5000
5000
5000
5000
5000
5000
5000
5000
5000
5000
5000
4999.99999999
5000
5000
5000
5000
5000
5000
5000
5000
5000
5000
5000
5000
5000
5000
5000
5000
5000
5000
5000
5000
5000
5000
5000.00000018
5000.00000351
5000.00006721
5000.0012956
5000.02510427
5000.49137721
5009.65060175
5194.72950277
8828.58256179
42207.3834201
156644.803771
374369.227554
691190.093533
1332709.58961
4999.99999999
4999.99999999
4999.99999999
4999.99999999
4999.99999999
4999.99999999
4999.99999999
5000
5000
5000
5000
5000
5000
5000
4999.99999999
4999.99999999
4999.99999999
4999.99999999
4999.99999999
4999.99999999
4999.99999999
4999.99999999
4999.99999999
5000
5000
5000
5000
5000
5000
5000
5000
5000
5000
5000
5000
5000
5000
5000
5000
5000
5000
5000
5000
5000
5000
5000.00000001
5000.00000018
5000.00000343
5000.0000649
5000.00123539
5000.02377932
5000.4597251
5008.92580958
5177.99878629
8492.50843146
39743.0015803
149362.530412
360763.417573
672496.787235
1314111.16729
5000
5000
4999.99999999
4999.99999999
5000
5000
5000
5000
5000
5000
5000
5000
5000
5000
5000
5000
5000
5000
5000
5000
5000
5000
5000
5000
5000
5000
5000
5000
5000
5000
5000
5000
5000
5000
5000
5000
4999.99999999
4999.99999999
5000
5000
5000
5000
5000
5000
5000
5000.00000001
5000.00000018
5000.00000336
5000.00006269
5000.0011813
5000.02241637
5000.42844273
5008.23047828
5162.02139193
8164.83271074
37259.174509
141864.072905
346553.803748
652760.905096
1293749.87904
5000
5000
5000
5000
5000
5000
5000
5000
5000
5000
5000
5000
5000
5000
5000
5000
5000
5000
5000
5000
5000
5000
5000
5000
5000
5000
5000
5000
5000
5000
5000
5000
5000
5000
5000
4999.99999999
4999.99999999
4999.99999999
4999.99999999
4999.99999999
4999.99999999
4999.99999999
4999.99999999
4999.99999999
5000
5000.00000001
5000.00000017
5000.00000328
5000.00006052
5000.00112549
5000.02109518
5000.39817231
5007.55895261
5146.59685969
7849.72666753
34782.692306
134203.679017
331863.248614
632020.823258
1271779.44115
5000
4999.99999999
5000
5000
5000
5000
5000
5000
5000
5000
5000
5000
5000
5000
5000
5000
5000
5000
5000
5000
5000
5000
5000
5000
5000
5000
5000
5000
5000
4999.99999999
5000
5000
5000
5000
5000
5000
4999.99999999
4999.99999999
4999.99999999
4999.99999999
4999.99999999
4999.99999999
4999.99999999
4999.99999999
4999.99999999
5000
5000.00000017
5000.0000032
5000.00005832
5000.00106951
5000.01979556
5000.36875051
5006.9087565
5132.06610442
7548.58337935
32327.5956247
126437.476955
316759.502364
610300.304382
1248014.65164
4999.99999999
4999.99999999
4999.99999999
4999.99999999
4999.99999999
5000
4999.99999999
5000
5000
5000
5000
5000
5000
5000
5000
5000
5000
5000
5000
5000
5000
5000
5000
5000
5000
5000
5000
5000
5000
5000
5000
5000
5000
5000
5000
4999.99999999
4999.99999999
4999.99999999
4999.99999999
4999.99999999
5000
4999.99999999
5000
5000
5000
5000.00000001
5000.00000018
5000.00000315
5000.00005642
5000.00101813
5000.01855351
5000.34094757
5006.30511635
5118.38544355
7265.51118726
29928.4061846
118638.807095
301297.638163
587774.884412
1222479.45895
4999.99999999
4999.99999999
4999.99999999
4999.99999999
5000
5000
5000
5000
5000
5000
5000
5000
5000
5000
5000
5000
5000
5000
5000
5000
5000
5000
5000
5000
5000
5000
5000
5000
5000
5000
5000
5000
5000
5000
5000
5000
4999.99999999
4999.99999999
4999.99999999
4999.99999999
5000
5000
5000
4999.99999999
5000
5000.00000001
5000.00000017
5000.00000308
5000.00005441
5000.00096703
5000.01738222
5000.31442411
5005.7266761
5105.75653664
7002.13862943
27602.9670314
110869.760214
285630.266286
564530.669602
1195185.40672
4999.99999999
4999.99999999
4999.99999999
5000
4999.99999999
5000
5000
5000
5000
5000
5000
5000
5000
5000
5000
5000
5000
5000
5000
5000
5000
5000
5000
5000
5000
5000
5000
5000
5000
5000
5000
5000
5000
5000
5000
5000
4999.99999999
4999.99999999
4999.99999999
4999.99999999
4999.99999999
4999.99999999
5000
4999.99999999
5000
5000.00000001
5000.00000018
5000.00000303
5000.00005259
5000.0009202
5000.01626769
5000.28944457
5005.18387506
5094.15005083
6759.94904877
25369.3667361
103172.61901
269844.32782
540658.094998
1166045.8822
5000
5000
5000
5000
5000
5000
5000
5000
5000
5000
5000
5000
5000
5000
5000
5000
5000
5000
5000
5000
5000
5000
5000
5000
5000
5000
5000
5000
5000
5000
4999.99999999
4999.99999999
4999.99999999
5000
5000
5000
4999.99999999
5000
5000
5000
4999.99999999
5000
5000
4999.99999999
5000
5000.00000001
5000.00000017
5000.00000299
5000.00005095
5000.0008769
5000.01523173
5000.26625529
5004.68473949
5083.57721059
6539.91105749
23255.5053718
95643.393481
254070.600005
516330.068425
1135068.15246
5000
5000
5000
4999.99999999
4999.99999999
4999.99999999
5000
5000
5000
5000
5000
5000
5000
5000
5000
4999.99999999
4999.99999999
4999.99999999
5000
4999.99999999
5000
5000
5000
5000
5000
5000
5000
5000
5000
5000
5000
5000
5000
5000
5000
5000
5000
4999.99999999
4999.99999999
5000
5000
5000
5000
5000
5000
5000.00000001
5000.00000018
5000.00000297
5000.00004963
5000.00083785
5000.01428505
5000.24521879
5004.23758775
5074.09058698
6341.88785938
21269.8288059
88321.3482776
238401.242875
491645.963157
1102293.36604
5000
5000
5000
5000
5000
4999.99999999
5000
5000
5000
5000
5000
5000
4999.99999999
4999.99999999
4999.99999999
4999.99999999
4999.99999999
5000
4999.99999999
5000
5000
4999.99999999
4999.99999999
4999.99999999
5000
5000
5000
5000
5000
5000
5000
5000
5000
5000
5000
5000
5000
5000
5000
5000
5000
5000
5000
5000
5000
5000.00000001
5000.00000017
5000.00000294
5000.00004836
5000.00080056
5000.01338697
5000.22558754
5003.82785727
5065.54802263
6165.4849692
19421.0439943
81245.2444593
222966.030148
466714.273735
1067769.36517
5000
5000
5000
5000
5000
5000
5000
4999.99999999
5000
5000
5000
5000
5000
5000
5000
5000
5000
5000
5000
5000
5000
5000
5000
5000
5000
5000
5000
5000
5000
5000
5000
5000
5000
5000
5000
5000
5000
5000
5000
5000
5000
5000
5000
5000
5000
5000.00000001
5000.00000018
5000.00000294
5000.00004733
5000.00076817
5000.01258071
5000.20771813
5003.45312154
5057.94388825
6008.68486921
17708.8711708
74441.168534
207754.236798
441678.361096
1031628.52428
5000
5000
5000
5000
5000
5000
5000
4999.99999999
4999.99999999
4999.99999999
4999.99999999
4999.99999999
5000
5000
4999.99999999
5000
5000
5000
5000
5000
5000
5000
5000
5000
5000
5000
5000
5000
5000
5000
5000
5000
5000
5000
5000
5000
5000
5000
5000
5000
5000
5000
5000
5000
5000
5000.00000002
5000.00000019
5000.00000296
5000.00004652
5000.0007384
5000.0118428
5000.19156836
5003.11675187
5051.15399168
5870.1144096
16138.8997253
67933.0278803
192870.171382
416617.086797
993986.554183
4999.99999999
5000
5000
5000
5000
5000
5000
5000
5000
5000
5000
5000
5000
5000
5000
5000
5000
5000
5000
5000
5000.00000001
5000
5000
5000
5000
5000
5000
5000
5000
5000
5000
5000
5000
5000
5000.00000001
5000
5000.00000001
5000.00000001
5000
5000
5000
5000
5000
5000
5000
5000.00000001
5000.00000019
5000.00000298
5000.00004589
5000.00071353
5000.01118857
5000.17689825
5002.81489277
5045.15181681
5749.09759484
14709.2588247
61766.0955571
178394.791184
391689.642581
954927.740744
5000
5000
4999.99999999
5000
5000
5000
5000
5000
5000
5000
5000
5000
5000
5000
5000
5000
5000
5000
5000
5000
5000
5000
5000
5000
5000
5000
5000
5000
5000
5000
5000
5000
5000
5000
5000
5000
5000
5000
5000
5000
5000
5000
5000
5000
5000
5000.00000001
5000.0000002
5000.00000302
5000.00004553
5000.00069188
5000.01059923
5000.16349472
5002.54450005
5039.84394679
5644.01316002
13423.7698119
55955.7657878
164408.326434
367020.319552
914602.661495
5000
5000
5000
5000
5000
5000
4999.99999999
5000
5000
5000
5000
5000
5000
5000
5000
5000
5000
5000
5000
5000
5000
5000
5000
5000
5000
5000
5000
5000
5000
5000
5000
5000
5000
5000
5000
5000
4999.99999999
5000
5000
5000
5000
5000
5000
5000
5000
5000.00000001
5000.00000021
5000.00000308
5000.00004537
5000.00067327
5000.0100652
5000.15177115
5002.30277576
5035.18867657
5553.41195776
12275.5389913
50528.1770411
150984.600872
342721.921008
873132.22937
5000
5000
5000
5000
5000
5000
5000
5000
5000
5000
5000
5000
5000
5000
5000
5000
5000
5000
5000
5000
5000
5000
4999.99999999
4999.99999999
4999.99999999
4999.99999999
4999.99999999
4999.99999999
4999.99999999
5000
5000
5000
5000
5000
5000
5000
5000
5000
5000
5000
5000
5000
5000
5000
5000
5000.00000001
5000.00000022
5000.00000316
5000.0000456
5000.0006597
5000.00963137
5000.14147234
5002.0917457
5031.12565494
5475.57565377
11259.1788593
45493.1612018
138142.304916
318943.879384
830722.244779
5000
5000
5000
5000
5000
5000
5000
5000
5000
5000
5000
5000
5000
5000.00000001
5000
5000
5000
5000
5000
5000
5000
5000
5000
5000
4999.99999999
4999.99999999
4999.99999999
5000
4999.99999999
5000
5000
5000
5000.00000001
5000
5000
5000
5000
5000
5000
5000
5000
5000
5000
5000
5000
5000.00000002
5000.00000023
5000.00000328
5000.00004607
5000.00065061
5000.00924323
5000.13234557
5001.90501745
5027.6054625
5409.16830064
10367.7442741
40855.0344881
125975.310322
295808.308744
787593.748765
4999.99999999
4999.99999999
4999.99999999
4999.99999999
5000
5000
4999.99999999
5000
5000
5000
5000
5000
5000.00000001
5000
5000
5000
5000
5000
5000
5000
5000
5000
5000
5000
5000
5000
5000
5000
4999.99999999
5000
5000
5000
5000
5000
5000.00000001
5000.00000001
5000
5000
5000
5000
5000
5000
5000
5000
5000
5000.00000002
5000.00000025
5000.00000343
5000.00004694
5000.00064533
5000.00893093
5000.12431948
5001.74303406
5024.55119946
5352.64353508
9591.03541052
36615.1165988
114504.399432
273351.647558
743906.114067
5000
5000
5000
5000
5000
5000
5000
5000
5000
5000
5000
5000
5000
5000
5000
5000
5000
5000
5000.00000001
5000
5000
5000
5000
5000
5000
5000
5000
5000
5000
5000
5000
5000
5000
5000
5000
5000
5000
5000
5000
5000
5000
5000
5000
5000
5000.00000001
5000.00000002
5000.00000027
5000.00000361
5000.00004818
5000.00064541
5000.00868396
5000.11757709
5001.60155414
5021.89737088
5304.60411482
8918.95227703
32759.6566256
103723.935785
251730.730724
699977.925758
5000
4999.99999999
4999.99999999
4999.99999999
5000
5000
4999.99999999
4999.99999999
4999.99999999
4999.99999999
5000
5000
5000
5000
5000
5000.00000001
5000.00000001
5000.00000001
5000.00000001
5000
5000
5000
5000
5000
5000
5000
5000
5000
5000
4999.99999999
4999.99999999
4999.99999999
5000
5000
5000
5000
5000
5000
5000
5000
5000
5000
5000
5000
5000
5000.00000002
5000.0000003
5000.00000383
5000.00004979
5000.00064946
5000.00850151
5000.11176337
5001.4780122
5019.61031324
5263.90267444
8339.95849651
29279.636458
93672.0456725
230970.621767
656057.205929
5000
5000
5000
5000
5000
5000
5000
5000
5000
5000
5000
5000
5000
5000
5000
5000
5000
5000
5000
5000
5000
5000
5000
5000
5000
5000
5000
5000
4999.99999999
4999.99999999
4999.99999999
4999.99999999
4999.99999999
5000
5000
5000
5000
5000
5000
5000
5000
5000
5000
5000
5000
5000.00000002
5000.00000032
5000.00000409
5000.00005196
5000.0006594
5000.00838362
5000.10698724
5001.37183841
5017.64635684
5229.35418208
7845.34794758
26157.6849978
84338.881452
211193.016426
612347.999868
5000
5000
5000
5000
5000
5000
5000
5000
5000
5000
5000
4999.99999999
5000
5000
5000
5000
5000
5000
5000
5000
5000
5000
5000
5000
5000
5000
5000
4999.99999999
4999.99999999
4999.99999999
5000
5000
5000
5000
5000
5000
5000
5000
5000
5000
5000
5000
5000
5000
5000.00000001
5000.00000003
5000.00000036
5000.00000443
5000.00005478
5000.00067512
5000.00833962
5000.10322333
5001.28091534
5015.96409559
5200.24216086
7425.5538749
23380.5059867
75738.1208157
192443.608845
569120.345931
5000
5000.00000001
5000
5000
5000
5000
5000
5000
5000
5000
5000
5000
5000
5000
5000
5000
5000
5000
5000
5000
5000
5000
5000
5000
5000
5000
5000
5000
5000
5000
5000
5000
5000
5000
5000
5000
5000
5000
5000
5000
5000
5000
5000
5000
5000.00000001
5000.00000003
5000.0000004
5000.00000484
5000.00005826
5000.0006985
5000.00836707
5000.10033543
5001.20634573
5014.52964495
5175.94498377
7071.56761496
20928.8202433
67863.1754433
174766.325697
526641.846511
5000
5000
5000
5000
5000
5000
5000
5000
5000
5000
5000
5000
5000
5000
5000
5000
5000
5000
5000
5000
5000
5000
5000
5000
5000
5000
5000
5000
5000
5000
5000
5000
5000
5000
5000
5000
5000
5000
5000
5000
5000
5000
5000
5000
5000.00000001
5000.00000004
5000.00000045
5000.00000534
5000.00006254
5000.00072923
5000.00847785
5000.09845037
5001.14424754
5013.31719259
5155.44412146
6773.78873227
18774.9759928
60692.6764154
158196.661151
485157.849697
5000
5000
5000
5000
5000
5000
5000
5000
5000
5000
5000
5000
5000
5000
5000
5000
5000
5000
5000
5000
5000
5000
5000
5000
5000
5000
5000
4999.99999999
5000
5000
5000
5000
5000
5000
5000
5000
5000
5000
5000
5000
5000
5000
5000
5000
5000
5000.00000004
5000.00000051
5000.00000595
5000.00006782
5000.00076816
5000.00866556
5000.09739016
5001.09433636
5012.2975911
5138.22006468
6523.93100015
16895.8307333
54182.2353259
142751.457559
444907.312274
5000
5000
5000
5000
5000
5000
5000
5000
5000
5000
5000
5000
5000
5000
5000
5000
5000
5000
5000
5000
5000
5000
5000
4999.99999999
5000
5000
5000
5000
5000
5000
5000
5000
5000
5000
5000
5000
5000
5000
5000
5000
5000
5000
5000
5000
5000.00000001
5000.00000005
5000.00000059
5000.00000669
5000.00007432
5000.00081799
5000.00893678
5000.09724887
5001.05593241
5011.43496599
5123.68770233
6314.82650142
15264.0767128
48320.5161804
128395.348561
406070.022442
5000
5000
5000
5000
5000
5000
5000
5000
5000
5000
5000
5000
5000
5000
5000
5000
5000
5000
4999.99999999
5000
5000
5000
5000
5000
5000
5000
5000
5000
5000
5000
5000
5000
5000
5000
5000
5000
5000
5000
5000
4999.99999999
5000
5000
5000
5000
5000.00000001
5000.00000006
5000.00000069
5000.00000759
5000.00008228
5000.00088017
5000.00932995
5000.09810268
5001.02823335
5010.72848741
5111.56130277
6140.55701772
13856.1872029
43060.5777482
115160.74062
368864.475833
5000
5000
5000
5000
5000
5000
5000
5000
5000
5000
5000
5000
5000
5000
5000
5000
5000
5000
5000
5000
5000
5000
5000
5000
5000
5000
5000
5000
5000
5000
5000
5000
5000
5000
5000
5000
4999.99999999
5000
5000
4999.99999999
5000
5000
5000
5000
5000.00000001
5000.00000008
5000.00000081
5000.00000871
5000.00009192
5000.00095564
5000.0098209
5000.09993686
5001.00982197
5010.15695427
5101.42694473
5995.34066853
12644.7128279
38368.4287195
102999.283341
333444.660295
5000
5000
5000
5000
5000
5000
5000
5000
5000
5000
5000
5000
5000
5000
5000
5000
5000
5000
5000
5000
5000
5000
5000
5000
5000
5000
5000
5000
5000
5000
5000
4999.99999999
5000
5000
5000
5000
5000
5000
5000
4999.99999999
4999.99999999
5000
5000
5000
5000.00000001
5000.00000009
5000.00000096
5000.00001007
5000.00010378
5000.00104985
5000.01045266
5000.10283996
5001.0026485
5009.69593387
5092.95543948
5874.13836918
11609.2730635
34200.6966972
91903.366218
299924.235888
5000
5000
5000
4999.99999999
5000
5000
5000
5000
5000
5000
5000
5000
5000
5000
5000
5000
5000
5000
5000
5000
5000
5000
5000
5000
5000
5000
5000
5000
5000
4999.99999999
5000
5000
5000
5000
5000
5000
5000
5000
5000
5000
5000
5000
5000
5000
5000.00000001
5000.00000011
5000.00000114
5000.00001177
5000.00011832
5000.00116353
5000.01124468
5000.10694774
5001.00513546
5009.34867715
5085.95942262
5773.74935561
10726.864003
30513.7196283
81806.1268843
268412.04041
5000
5000
5000
5000
5000
5000
5000
4999.99999999
4999.99999999
5000
5000
5000
5000
5000
5000
5000
5000
5000
5000
5000
5000
5000
5000
5000
5000
5000
5000
5000
5000
4999.99999999
5000
5000
5000
5000
5000
5000
5000
5000
5000
5000
5000
5000
5000
5000
5000.00000001
5000.00000013
5000.00000137
5000.00001389
5000.00013626
5000.00130397
5000.01221131
5000.11237672
5001.01800992
5009.10545357
5080.20937737
5689.86314306
9976.15712626
27275.1248517
72668.0918411
238968.818009
5000
5000
5000
5000
5000
5000
5000
5000
5000
5000
4999.99999999
4999.99999999
5000
5000
5000
5000
5000
5000
5000
5000
5000
5000
5000
5000
5000
5000
5000
5000
5000
5000
5000
5000
5000
5000
5000
5000
5000
5000
5000
5000
5000
5000
5000
5000
5000.00000001
5000.00000016
5000.00000167
5000.00001652
5000.00015828
5000.00147509
5000.01340594
5000.11928143
5001.04218707
5008.95140952
5075.57172145
5620.34504018
9341.15949222
24433.3552103
64440.848156
211629.900497
5000
5000
5000
5000
5000
5000
5000.00000001
5000
5000
5000
4999.99999999
5000
5000
5000
5000
5000
5000
5000
5000
5000.00000001
5000
5000
5000
5000
5000
5000
5000
5000.00000001
5000
5000
5000
5000
5000
5000
5000
5000
5000
5000
5000
5000
5000
5000
5000
5000
5000.00000001
5000.0000002
5000.00000205
5000.00001983
5000.00018555
5000.00168483
5000.01486868
5000.12800236
5001.07786078
5008.89540566
5071.8873439
5562.83288529
8805.05110162
21953.6193018
57058.0711593
186445.776899
5000
5000
5000
5000
5000
5000
5000
5000
5000
4999.99999999
5000
5000
5000
5000
5000
5000
5000
5000
5000
5000
5000.00000001
5000
5000
5000
5000
5000
5000
5000
5000
5000.00000001
5000
5000
5000
5000.00000001
5000
5000
5000
5000
5000
5000
5000
5000
5000
5000.00000001
5000.00000003
5000.00000026
5000.00000253
5000.00002399
5000.00021954
5000.00194154
5000.0166507
5000.13877612
5001.12619156
5008.92242662
5069.04164265
5515.28854027
8351.61452853
19796.3232975
50480.0595794
163328.007537
5000
5000
5000
5000
5000
5000
5000
5000
5000
5000
5000
5000
5000
5000
5000
5000
5000
5000
5000
5000
5000
5000
5000
5000
5000
5000
5000
5000
5000
5000
5000
5000
5000
5000
5000
5000
5000
5000
5000
5000.00000001
5000
5000
5000
5000.00000001
5000.00000003
5000.00000032
5000.00000315
5000.00002922
5000.00026159
5000.00225871
5000.01881433
5000.15184931
5001.18851464
5009.05008365
5066.98159044
5475.95844464
7969.89961629
17923.9064279
44634.914609
142273.514302
5000
5000
5000
4999.99999999
4999.99999999
5000
5000
5000
5000
5000
5000
5000
5000
5000
5000
5000
5000
5000
5000
5000
5000
5000
5000
5000
5000
5000
5000
5000
5000
5000
5000
5000
5000
5000
5000
5000
5000
5000
5000
5000
5000
5000
5000
5000.00000001
5000.00000004
5000.00000041
5000.00000392
5000.00003586
5000.00031424
5000.00264727
5000.0214543
5000.16769156
5001.26687687
5009.26822739
5065.56541417
5443.64812688
7647.30392966
16302.5556998
39443.6852687
123211.997457
5000
5000.00000001
5000.00000001
5000.00000001
5000
5000
5000
5000
5000
5000
5000
5000
5000
5000
5000
5000
5000
5000
5000
5000
5000
5000
5000
5000
5000
5000
5000
5000
5000
5000
5000
5000
5000
5000
5000
5000
5000
4999.99999999
5000
5000
5000
5000
5000
5000.00000001
5000.00000005
5000.00000052
5000.00000492
5000.00004423
5000.00037968
5000.00312434
5000.02464954
5000.18680226
5001.36216477
5009.57354935
5064.80643905
5416.96962011
7374.67111666
14898.3181865
34854.1334112
106036.79835
5000
5000.00000001
5000.00000001
5000.00000001
5000.00000001
5000
5000
5000
5000
5000
5000
4999.99999999
5000
5000
5000
5000
5000
5000
5000
5000
5000
5000
5000
5000
4999.99999999
5000
5000
5000
5000
5000
5000
5000
5000
5000
5000
5000
5000
5000
5000
5000
5000
5000
5000
5000.00000001
5000.00000007
5000.00000068
5000.00000623
5000.00005483
5000.00046162
5000.00371119
5000.02851315
5000.20974894
5001.47693112
5009.98947707
5064.64154379
5395.68131658
7144.56037348
13685.571554
30807.6440133
90657.1255797
5000
5000
5000.00000001
5000
5000
5000
4999.99999999
4999.99999999
5000
5000
5000
5000
5000
5000
5000
5000
4999.99999999
5000
5000
5000
5000
5000
5000
5000
5000
4999.99999999
4999.99999999
5000
5000
5000
5000
5000
5000
5000
5000
5000
5000
5000
5000
5000
5000
5000
5000
5000.00000001
5000.00000009
5000.00000087
5000.00000788
5000.0000683
5000.00056391
5000.00443457
5000.03320544
5000.23708482
5001.61562433
5010.49417657
5064.98006007
5378.11440129
6947.82495362
12631.4564371
27240.5783812
76968.9197719
4999.99999999
5000
5000
5000
5000
5000
5000
4999.99999999
4999.99999999
5000
5000
5000
5000
4999.99999999
4999.99999999
5000
5000
5000
5000
5000
5000
5000.00000001
5000
5000
4999.99999999
4999.99999999
4999.99999999
5000
5000
5000
5000
5000
5000
5000
5000
5000
5000
5000
5000
5000
5000
5000
5000
5000.00000001
5000.00000011
5000.00000111
5000.00000999
5000.00008528
5000.00069116
5000.00531711
5000.03887032
5000.26969525
5001.77579559
5011.10925676
5065.80515245
5364.16749139
6780.02419479
11717.4876361
24103.7354825
64855.529407
4999.99999999
5000
5000
5000
5000.00000001
5000
5000
5000
5000
5000
5000
5000.00000001
5000.00000001
5000
5000
5000
5000
5000
5000
5000
5000
5000
5000.00000001
5000
5000
5000
5000
5000
5000
5000
5000
5000
5000
5000
5000
5000
5000
5000
5000
5000
5000
5000
5000
5000.00000001
5000.00000015
5000.00000143
5000.00001269
5000.00010658
5000.00084843
5000.00639846
5000.0456623
5000.30806591
5001.96446887
5011.82939903
5067.05971516
5352.90396465
6634.96308758
10921.321303
21343.6321619
54194.060601
5000
5000
5000
5000
5000.00000001
5000.00000001
5000
5000
5000
5000
5000
5000.00000001
5000.00000001
5000
5000
5000
5000
5000
5000
5000
5000
5000
5000
5000
5000
5000
5000
5000
5000
5000
5000
5000
5000
5000
5000
5000
5000
5000
4999.99999999
4999.99999999
4999.99999999
5000
5000
5000.00000002
5000.0000002
5000.00000184
5000.00001611
5000.00013324
5000.00104326
5000.0077104
5000.05374427
5000.35282844
5002.17979952
5012.65127705
5068.6908584
5343.58229615
6507.66439141
10220.046003
18909.5325847
44859.3129718
5000
5000
5000
5000
5000
5000
5000
4999.99999999
5000
5000
5000
5000
5000
5000
5000
5000.00000001
5000
5000
5000
5000.00000001
5000.00000001
5000
5000.00000001
5000
5000
5000
5000
5000
5000
5000
5000
5000
5000
5000
5000
5000
5000
5000
4999.99999999
4999.99999999
5000
5000
5000
5000.00000002
5000.00000026
5000.00000236
5000.00002038
5000.00016629
5000.00128012
5000.00928015
5000.06325917
5000.40454321
5002.42294479
5013.56277009
5070.52788907
5335.51242327
6393.17283541
9598.191913
16761.0960069
36736.6781392
4999.99999999
4999.99999999
4999.99999999
5000
5000
5000
5000
4999.99999999
4999.99999999
5000
5000
5000
5000
5000
5000
5000.00000001
5000.00000001
5000.00000001
5000
5000
5000
5000
5000
5000
4999.99999999
5000
5000
5000
5000
5000
5000
5000
5000
5000.00000001
5000.00000001
5000
5000
5000
4999.99999999
5000
5000
5000
5000
5000.00000003
5000.00000033
5000.00000301
5000.00002566
5000.00020646
5000.00156351
5000.01112521
5000.07423664
5000.46290353
5002.69111942
5014.53514447
5072.44355298
5327.84593193
6287.75604433
9038.90254282
14855.252141
29711.0793098
4999.99999999
5000
5000
5000
5000
4999.99999999
5000
5000
5000
5000
5000
5000
5000
5000.00000001
5000
5000
5000
5000
5000
5000
5000
5000
5000
5000
5000
5000
4999.99999999
5000
5000
5000.00000001
5000.00000001
5000
5000
5000
5000.00000001
5000
5000
5000
5000
5000
5000
5000
5000.00000001
5000.00000005
5000.00000043
5000.0000038
5000.000032
5000.00025401
5000.0018949
5000.01324957
5000.0865272
5000.52651188
5002.97369799
5015.51257363
5074.1795217
5319.41771958
6186.21452233
8526.38811195
13160.1325874
23666.5829737
5000
5000
5000
5000
5000
5000
5000.00000001
5000
4999.99999999
5000
5000
5000
5000
5000
5000
5000
5000
5000
5000
4999.99999999
5000
5000
5000.00000001
5000
5000
4999.99999999
5000
5000
5000
5000.00000001
5000.00000001
5000
5000.00000001
5000
5000
5000
5000
5000
5000
5000
4999.99999999
5000.00000001
5000.00000001
5000.00000006
5000.00000054
5000.00000474
5000.00003942
5000.00030882
5000.0022694
5000.01559327
5000.0998648
5000.59352285
5003.2557612
5016.41920153
5075.37707364
5309.06877129
6085.3163747
8048.57315775
11643.3566649
18551.3020522
5000
5000
5000.00000001
5000
5000
5000
4999.99999999
5000
5000
5000
5000
5000
4999.99999999
5000
4999.99999999
5000
5000
5000
5000
4999.99999999
5000
5000
5000
5000
5000
5000
4999.99999999
5000
5000
5000
5000.00000001
5000
5000.00000001
5000
4999.99999999
5000
5000
5000
5000.00000001
5000
5000.00000001
5000.00000001
5000.00000001
5000.00000008
5000.00000067
5000.00000584
5000.00004806
5000.00037159
5000.00269196
5000.01818466
5000.11420138
5000.66294712
5003.54145676
5017.26978418
5076.17952499
5297.60450689
5989.50200538
7621.94442742
10332.5529967
14360.8026565
4999.99999998
4999.99999997
4999.99999996
4999.99999996
4999.99999995
4999.99999995
4999.99999993
4999.99999993
4999.99999992
4999.99999993
4999.99999999
4999.99999998
4999.99999998
4999.99999998
4999.99999997
4999.99999997
4999.99999997
4999.99999997
4999.99999997
4999.99999996
5000
4999.99999999
4999.99999999
4999.99999999
4999.99999999
4999.99999999
4999.99999998
4999.99999999
4999.99999998
4999.99999998
4999.99999999
4999.99999999
4999.99999999
5000
4999.99999999
4999.99999999
4999.99999999
5000
5000
4999.99999999
5000
5000.00000001
5000
4999.99999999
4999.99999999
4999.99999999
5000
4999.99999999
4999.99999999
4999.99999999
4999.99999999
5000
4999.99999999
4999.99999998
4999.99999998
4999.99999999
4999.99999999
4999.99999999
5000
5000
5000
4999.99999999
4999.99999999
4999.99999998
4999.99999998
4999.99999998
4999.99999999
4999.99999999
4999.99999999
4999.99999999
5000
5000
4999.99999999
4999.99999999
4999.99999999
4999.99999999
5000
4999.99999999
4999.99999999
4999.99999999
5000
5000
5000.00000001
5000.00000001
5000.00000001
5000.00000001
5000.00000001
5000
5000
4999.99999999
5000
5000
4999.99999999
4999.99999999
5000
5000
5000
5000
5000
4999.99999999
5000
5000
5000
5000
5000
5000
5000.00000001
5000
5000
5000
4999.99999999
5000
5000
5000
5000
5000.00000001
5000
5000
5000
5000
4999.99999999
5000
5000
5000
5000
5000
4999.99999999
5000
5000
5000
4999.99999999
5000
5000
5000
5000
5000
5000
5000
5000
4999.99999999
5000
5000
5000
5000
5000
5000
5000
5000
5000
5000
5000
5000
5000.00000001
5000.00000001
5000
5000
5000
5000.00000001
5000.00000001
5000
5000
5000
5000
5000
5000
5000
5000
5000
5000
5000
5000
5000
5000
5000
5000.00000001
5000
5000
4999.99999999
4999.99999999
4999.99999999
5000.00000001
5000
5000
5000
5000
5000
5000
4999.99999999
4999.99999999
4999.99999999
5000
5000
5000
5000
5000
5000
5000
4999.99999999
4999.99999999
4999.99999999
5000
5000
5000.00000001
5000
5000.00000001
5000
5000
5000
5000.00000001
5000
5000
5000.00000001
5000
5000
5000
5000
5000.00000001
5000
5000.00000001
5000.00000001
4999.99999999
4999.99999999
5000
4999.99999999
5000
4999.99999999
5000
5000.00000001
5000.00000001
5000
5000
4999.99999999
5000
5000
5000
5000.00000001
5000
5000
5000
5000
5000.00000001
5000
5000
5000
5000
4999.99999999
5000
5000
5000
5000
5000
5000
5000
5000
5000
5000
5000
5000
5000
4999.99999999
5000
4999.99999999
5000
5000
5000
5000
5000
5000
5000
5000
5000.00000001
4999.99999999
5000
5000
5000
5000
5000
5000
5000
5000
5000
5000
5000
5000
5000
5000
5000.00000001
5000
5000
5000
5000
4999.99999999
5000
4999.99999999
4999.99999999
5000
5000
4999.99999999
4999.99999999
5000
5000
4999.99999999
5000
4999.99999999
4999.99999999
5000
5000
5000
5000
4999.99999999
5000
5000
5000
4999.99999999
5000
5000
5000.00000001
5000
5000
5000
4999.99999999
4999.99999999
5000
5000
5000
5000
5000
4999.99999999
4999.99999999
5000
4999.99999999
5000
5000
5000
5000
5000
5000
5000
5000
5000
5000
5000.00000001
5000.00000001
5000
5000
5000
5000
5000
5000
5000
5000
4999.99999999
5000
4999.99999999
4999.99999999
4999.99999999
5000.00000001
5000
5000
5000
5000
4999.99999999
5000
5000
5000
5000
5000
5000
5000
5000
4999.99999999
4999.99999999
4999.99999999
4999.99999999
5000
5000
5000
5000
5000
5000
4999.99999999
5000
4999.99999999
4999.99999999
5000
5000.00000001
5000.00000001
4999.99999999
5000
5000
5000
5000
5000
5000
5000
5000.00000001
5000
5000
5000
5000
5000
5000
5000.00000001
5000
5000
5000
5000
5000
5000
5000
5000
5000
5000
5000
5000.00000001
5000.00000001
5000.00000001
5000
5000
5000.00000001
5000.00000001
5000
5000
4999.99999999
5000
5000
5000.00000001
5000.00000001
5000.00000001
5000
4999.99999999
5000
5000
5000
5000.00000001
5000
4999.99999999
5000
5000.00000001
5000
4999.99999999
4999.99999999
4999.99999999
5000
5000
5000
5000
5000
5000
5000
5000
5000
5000
5000
5000
5000
4999.99999999
5000
5000
5000.00000001
5000
5000.00000001
5000
5000.00000001
5000
5000.00000001
4999.99999999
5000
5000
4999.99999999
4999.99999999
5000
5000
5000
5000
5000
5000
4999.99999999
4999.99999999
5000
4999.99999998
4999.99999999
5000
5000.00000001
5000.00000001
5000.00000001
4999.99999999
5000
4999.99999999
5000
4999.99999999
5000.00000001
5000
5000.00000001
5000
5000
5000
5000
5000
5000
5000
4999.99999999
5000
4999.99999999
5000.00000001
5000.00000001
5000
5000.00000001
5000.00000001
5000
5000.00000001
5000
5000
5000
5000.00000001
5000
4999.99999999
5000
5000.00000001
4999.99999999
5000.00000001
5000
5000
5000.00000001
5000.00000001
5000.00000001
5000
5000
5000.00000001
5000
5000
5000
5000
5000
5000
5000
5000.00000001
5000
5000.00000001
5000.00000001
4999.99999999
5000
5000
5000
5000
5000
5000.00000001
5000.00000001
5000.00000001
5000
5000
5000
5000.00000001
5000
5000.00000001
5000.00000001
5000.00000001
5000
5000.00000001
5000
5000.00000001
5000
5000
4999.99999999
5000
5000.00000001
5000
4999.99999999
5000
5000
5000.00000001
5000
5000
5000
4999.99999999
5000
4999.99999999
5000
5000
5000
5000
5000
5000
5000
5000
5000
4999.99999999
4999.99999999
5000
5000
5000
5000
4999.99999999
5000.00000001
4999.99999999
5000
4999.99999999
4999.99999999
5000
5000
)
;

boundaryField
{
    bottom
    {
        type            empty;
    }
    inlet
    {
        type            fixedValue;
        value           uniform 5000;
    }
    outlet
    {
        type            zeroGradient;
    }
    obstacle
    {
        type            zeroGradient;
    }
    wedgefront
    {
        type            wedge;
    }
    wedgeback
    {
        type            wedge;
    }
}


// ************************************************************************* //
