/*--------------------------------*- C++ -*----------------------------------*\
| =========                 |                                                 |
| \\      /  F ield         | foam-extend: Open Source CFD                    |
|  \\    /   O peration     | Version:     4.1                                |
|   \\  /    A nd           | Web:         http://www.foam-extend.org         |
|    \\/     M anipulation  |                                                 |
\*---------------------------------------------------------------------------*/
FoamFile
{
    version     2.0;
    format      ascii;
    class       volScalarField;
    location    "5e-05";
    object      rho;
}
// * * * * * * * * * * * * * * * * * * * * * * * * * * * * * * * * * * * * * //

dimensions      [1 -3 0 0 0 0 0];

internalField   nonuniform List<scalar> 
4200
(
0.0638471754003
0.0638471754003
0.0638471754003
0.0638471754003
0.0638471754003
0.0638471754003
0.0638471754003
0.0638471754003
0.0638471754003
0.0638471754003
0.0638471754003
0.0638471754003
0.0638471754003
0.0638471754002
0.0638471754002
0.0638471754002
0.0638471754002
0.0638471754002
0.0638471754002
0.0638471754002
0.0638471754002
0.0638471754002
0.0638471754002
0.0638471754002
0.0638471754002
0.0638471754002
0.0638471754002
0.0638471754002
0.0638471754002
0.0638471754002
0.0638471754002
0.0638471754002
0.0638471754002
0.0638471754002
0.0638471754002
0.0638471754002
0.0638471754002
0.0638471754002
0.0638471754001
0.0638471754001
0.0638471754001
0.0638471754001
0.0638471754001
0.0638471754001
0.0638471754001
0.0638471754002
0.063847175402
0.0638471754378
0.0638471761615
0.0638471907804
0.0638474819526
0.0638530209509
0.0639448845379
0.0649998771555
0.0717861224654
0.0958624380196
0.14889356685
0.235881365258
0.352318582473
0.537699279533
0.0638471754007
0.0638471754007
0.0638471754007
0.0638471754007
0.0638471754007
0.0638471754007
0.0638471754007
0.0638471754007
0.0638471754007
0.0638471754007
0.0638471754007
0.0638471754007
0.0638471754006
0.0638471754006
0.0638471754006
0.0638471754006
0.0638471754006
0.0638471754006
0.0638471754006
0.0638471754006
0.0638471754006
0.0638471754006
0.0638471754006
0.0638471754006
0.0638471754006
0.0638471754006
0.0638471754006
0.0638471754006
0.0638471754006
0.0638471754006
0.0638471754006
0.0638471754006
0.0638471754006
0.0638471754006
0.0638471754006
0.0638471754006
0.0638471754006
0.0638471754006
0.0638471754006
0.0638471754006
0.0638471754006
0.0638471754006
0.0638471754006
0.0638471754006
0.0638471754006
0.0638471754007
0.0638471754025
0.0638471754385
0.0638471761671
0.063847190906
0.0638474849697
0.0638530900111
0.0639461678362
0.0650146088356
0.0718776907573
0.0962041200759
0.149838270554
0.238046179404
0.356433221209
0.544121363239
0.0638471754008
0.0638471754008
0.0638471754008
0.0638471754008
0.0638471754008
0.0638471754008
0.0638471754008
0.0638471754008
0.0638471754008
0.0638471754008
0.0638471754008
0.0638471754008
0.0638471754008
0.0638471754008
0.0638471754008
0.0638471754008
0.0638471754008
0.0638471754008
0.0638471754008
0.0638471754008
0.0638471754008
0.0638471754008
0.0638471754008
0.0638471754008
0.0638471754008
0.0638471754008
0.0638471754008
0.0638471754008
0.0638471754008
0.0638471754008
0.0638471754008
0.0638471754008
0.0638471754008
0.0638471754007
0.0638471754007
0.0638471754007
0.0638471754007
0.0638471754007
0.0638471754007
0.0638471754007
0.0638471754007
0.0638471754007
0.0638471754007
0.0638471754007
0.0638471754007
0.0638471754008
0.0638471754026
0.0638471754384
0.0638471761626
0.0638471907998
0.0638474825921
0.0638530404098
0.0639453559976
0.0650066542691
0.0718385630992
0.0961067331475
0.149704523515
0.237991941898
0.356745159103
0.545339880299
0.0638471754008
0.0638471754008
0.0638471754008
0.0638471754008
0.0638471754008
0.0638471754008
0.0638471754008
0.0638471754008
0.0638471754008
0.0638471754008
0.0638471754008
0.0638471754008
0.0638471754008
0.0638471754008
0.0638471754008
0.0638471754008
0.0638471754008
0.0638471754008
0.0638471754008
0.0638471754008
0.0638471754008
0.0638471754008
0.0638471754008
0.0638471754008
0.0638471754008
0.0638471754008
0.0638471754008
0.0638471754008
0.0638471754008
0.0638471754008
0.0638471754008
0.0638471754008
0.0638471754008
0.0638471754008
0.0638471754008
0.0638471754008
0.0638471754008
0.0638471754008
0.0638471754008
0.0638471754008
0.0638471754008
0.0638471754008
0.0638471754008
0.0638471754008
0.0638471754008
0.0638471754009
0.0638471754027
0.0638471754382
0.0638471761549
0.0638471906057
0.063847478101
0.0638529449567
0.0639437303072
0.0649899376655
0.0717507937243
0.0958597291442
0.149259728904
0.237419907407
0.35636935109
0.546014326635
0.0638471754009
0.0638471754009
0.0638471754009
0.0638471754009
0.0638471754009
0.0638471754009
0.0638471754009
0.0638471754009
0.0638471754009
0.0638471754009
0.0638471754009
0.0638471754009
0.0638471754009
0.0638471754009
0.0638471754009
0.0638471754009
0.0638471754009
0.0638471754009
0.0638471754009
0.0638471754009
0.0638471754009
0.0638471754009
0.0638471754009
0.0638471754009
0.0638471754009
0.0638471754009
0.0638471754009
0.0638471754009
0.0638471754009
0.0638471754009
0.0638471754009
0.0638471754008
0.0638471754008
0.0638471754008
0.0638471754008
0.0638471754008
0.0638471754008
0.0638471754008
0.0638471754008
0.0638471754008
0.0638471754008
0.0638471754008
0.0638471754008
0.0638471754008
0.0638471754008
0.0638471754009
0.0638471754027
0.0638471754378
0.0638471761445
0.0638471903489
0.063847472136
0.0638528189476
0.0639415684901
0.0649674660335
0.0716311208144
0.0955170617029
0.148628724963
0.236573842597
0.355713793288
0.546682055646
0.0638471754009
0.0638471754009
0.0638471754009
0.0638471754009
0.0638471754009
0.0638471754009
0.0638471754009
0.0638471754009
0.0638471754009
0.0638471754009
0.0638471754009
0.0638471754009
0.0638471754009
0.0638471754009
0.0638471754009
0.0638471754009
0.0638471754009
0.0638471754009
0.0638471754009
0.0638471754009
0.0638471754009
0.0638471754009
0.0638471754009
0.0638471754009
0.0638471754009
0.0638471754009
0.0638471754009
0.0638471754009
0.0638471754009
0.0638471754009
0.0638471754009
0.0638471754009
0.0638471754009
0.0638471754009
0.0638471754009
0.0638471754009
0.0638471754009
0.0638471754009
0.0638471754009
0.0638471754009
0.0638471754009
0.0638471754009
0.0638471754009
0.0638471754009
0.0638471754009
0.063847175401
0.0638471754027
0.0638471754374
0.0638471761318
0.0638471900346
0.0638474648489
0.0638526652783
0.0639389310018
0.0649399648306
0.0714836197519
0.0950915766349
0.147839035063
0.235504246653
0.354859255464
0.547446820292
0.0638471754009
0.0638471754009
0.0638471754009
0.0638471754009
0.0638471754009
0.0638471754009
0.0638471754009
0.0638471754009
0.0638471754009
0.0638471754009
0.0638471754009
0.0638471754009
0.0638471754009
0.0638471754009
0.0638471754009
0.0638471754009
0.0638471754009
0.0638471754009
0.0638471754009
0.0638471754009
0.0638471754009
0.0638471754009
0.0638471754009
0.0638471754009
0.0638471754009
0.0638471754009
0.0638471754009
0.0638471754009
0.0638471754009
0.0638471754009
0.0638471754009
0.0638471754009
0.0638471754009
0.0638471754009
0.0638471754009
0.0638471754009
0.0638471754009
0.0638471754009
0.0638471754009
0.0638471754009
0.0638471754009
0.0638471754009
0.0638471754009
0.0638471754009
0.0638471754009
0.063847175401
0.0638471754027
0.0638471754369
0.0638471761174
0.0638471896791
0.0638474565731
0.063852489402
0.0639359066289
0.0649081430475
0.0713113683636
0.0945902067494
0.146902886104
0.234225883533
0.353819186876
0.548314097473
0.0638471754009
0.0638471754009
0.0638471754009
0.0638471754009
0.0638471754009
0.0638471754009
0.0638471754009
0.0638471754009
0.0638471754009
0.0638471754009
0.0638471754009
0.0638471754009
0.0638471754009
0.0638471754009
0.0638471754009
0.0638471754009
0.0638471754009
0.0638471754009
0.0638471754009
0.0638471754009
0.0638471754009
0.0638471754009
0.0638471754009
0.0638471754009
0.0638471754009
0.0638471754009
0.0638471754009
0.0638471754009
0.0638471754009
0.0638471754009
0.0638471754009
0.0638471754009
0.0638471754009
0.0638471754009
0.0638471754009
0.0638471754009
0.0638471754009
0.0638471754009
0.0638471754009
0.0638471754009
0.0638471754009
0.0638471754009
0.0638471754009
0.0638471754009
0.0638471754009
0.063847175401
0.0638471754027
0.0638471754363
0.0638471761016
0.0638471892834
0.0638474473789
0.0638522945588
0.0639325397038
0.0648724117115
0.0711160039187
0.0940162345382
0.145824090579
0.232743080411
0.352596037316
0.549284839203
0.0638471754009
0.0638471754009
0.0638471754009
0.0638471754009
0.0638471754009
0.0638471754009
0.0638471754009
0.0638471754009
0.0638471754009
0.0638471754009
0.0638471754009
0.0638471754009
0.0638471754009
0.0638471754009
0.0638471754009
0.0638471754009
0.0638471754009
0.0638471754009
0.0638471754009
0.0638471754009
0.0638471754009
0.0638471754009
0.0638471754009
0.0638471754009
0.0638471754009
0.0638471754009
0.0638471754009
0.0638471754009
0.0638471754009
0.0638471754009
0.0638471754009
0.0638471754009
0.0638471754009
0.0638471754009
0.0638471754009
0.0638471754009
0.0638471754009
0.0638471754009
0.0638471754009
0.0638471754009
0.0638471754009
0.0638471754009
0.0638471754009
0.0638471754009
0.0638471754009
0.063847175401
0.0638471754027
0.0638471754356
0.0638471760838
0.0638471888461
0.0638474372977
0.0638520823203
0.0639288721674
0.0648331226625
0.0708988885995
0.0933719899156
0.14460593296
0.231058497758
0.351190665487
0.550363186208
0.0638471754009
0.0638471754009
0.0638471754009
0.0638471754009
0.0638471754009
0.0638471754009
0.0638471754009
0.0638471754009
0.0638471754009
0.0638471754009
0.0638471754009
0.0638471754009
0.0638471754009
0.0638471754009
0.0638471754009
0.0638471754009
0.0638471754009
0.0638471754009
0.0638471754009
0.0638471754009
0.0638471754009
0.0638471754009
0.0638471754009
0.0638471754009
0.0638471754009
0.0638471754009
0.0638471754009
0.0638471754009
0.0638471754009
0.0638471754009
0.0638471754009
0.0638471754009
0.0638471754009
0.0638471754009
0.0638471754009
0.0638471754009
0.0638471754009
0.0638471754009
0.0638471754009
0.0638471754009
0.0638471754009
0.0638471754009
0.0638471754009
0.0638471754009
0.0638471754009
0.063847175401
0.0638471754027
0.0638471754349
0.0638471760651
0.0638471883839
0.0638474266321
0.0638518570884
0.0639249668466
0.0647909167788
0.0706625330909
0.0926624201787
0.143254037222
0.229175045938
0.349599620657
0.551533338204
0.0638471754009
0.0638471754009
0.0638471754009
0.0638471754009
0.0638471754009
0.0638471754009
0.0638471754009
0.0638471754009
0.0638471754009
0.0638471754009
0.0638471754009
0.0638471754009
0.0638471754009
0.0638471754009
0.0638471754009
0.0638471754009
0.0638471754009
0.0638471754009
0.0638471754009
0.0638471754009
0.0638471754009
0.0638471754009
0.0638471754009
0.0638471754009
0.0638471754009
0.0638471754009
0.0638471754009
0.0638471754009
0.0638471754009
0.0638471754009
0.0638471754009
0.0638471754009
0.0638471754009
0.0638471754009
0.0638471754009
0.0638471754009
0.0638471754009
0.0638471754009
0.0638471754009
0.0638471754009
0.0638471754009
0.0638471754009
0.0638471754009
0.0638471754009
0.0638471754009
0.063847175401
0.0638471754026
0.0638471754342
0.0638471760457
0.0638471879047
0.0638474155242
0.0638516222752
0.063920896688
0.0647464067283
0.070409835966
0.0918937937294
0.141776748031
0.227099034264
0.347815234204
0.552767811458
0.0638471754009
0.0638471754009
0.0638471754009
0.0638471754009
0.0638471754009
0.0638471754009
0.0638471754009
0.0638471754009
0.0638471754009
0.0638471754009
0.0638471754009
0.0638471754009
0.0638471754009
0.0638471754009
0.0638471754009
0.0638471754009
0.0638471754009
0.0638471754009
0.0638471754009
0.0638471754009
0.0638471754009
0.0638471754009
0.0638471754009
0.0638471754009
0.0638471754009
0.0638471754009
0.0638471754009
0.0638471754009
0.0638471754009
0.0638471754009
0.0638471754009
0.0638471754009
0.0638471754009
0.0638471754009
0.0638471754009
0.0638471754009
0.0638471754009
0.0638471754009
0.0638471754009
0.0638471754009
0.0638471754009
0.0638471754009
0.0638471754009
0.0638471754009
0.0638471754009
0.063847175401
0.0638471754026
0.0638471754335
0.0638471760256
0.063847187409
0.0638474041823
0.063851383247
0.0639167192134
0.0647001978608
0.0701434044223
0.0910716131237
0.140180984053
0.224835214927
0.345835737175
0.554044573531
0.0638471754009
0.0638471754009
0.0638471754009
0.0638471754009
0.0638471754009
0.0638471754009
0.0638471754009
0.0638471754009
0.0638471754009
0.0638471754009
0.0638471754009
0.0638471754009
0.0638471754009
0.0638471754009
0.0638471754009
0.0638471754009
0.0638471754009
0.0638471754009
0.0638471754009
0.0638471754009
0.0638471754009
0.0638471754009
0.0638471754009
0.0638471754009
0.0638471754009
0.0638471754009
0.0638471754009
0.0638471754009
0.0638471754009
0.0638471754009
0.0638471754009
0.0638471754009
0.0638471754009
0.0638471754009
0.0638471754009
0.0638471754009
0.0638471754009
0.0638471754009
0.0638471754009
0.0638471754009
0.0638471754009
0.0638471754009
0.0638471754009
0.0638471754009
0.0638471754009
0.063847175401
0.0638471754026
0.0638471754328
0.0638471760055
0.0638471869077
0.0638473926344
0.0638511410002
0.0639124925353
0.0646528161934
0.0698655990759
0.0902006965204
0.138473342402
0.222388532235
0.343657162998
0.555346280825
0.0638471754009
0.0638471754009
0.0638471754009
0.0638471754009
0.0638471754009
0.0638471754009
0.0638471754009
0.0638471754009
0.0638471754009
0.0638471754009
0.0638471754009
0.0638471754009
0.0638471754009
0.0638471754009
0.0638471754009
0.0638471754009
0.0638471754009
0.0638471754009
0.0638471754009
0.0638471754009
0.0638471754009
0.0638471754009
0.0638471754009
0.0638471754009
0.0638471754009
0.0638471754009
0.0638471754009
0.0638471754009
0.0638471754009
0.0638471754009
0.0638471754009
0.0638471754009
0.0638471754009
0.0638471754009
0.0638471754009
0.0638471754009
0.0638471754009
0.0638471754009
0.0638471754009
0.0638471754009
0.0638471754009
0.0638471754009
0.0638471754009
0.0638471754009
0.0638471754009
0.063847175401
0.0638471754026
0.063847175432
0.0638471759853
0.0638471864079
0.0638473811373
0.0638508996915
0.0639082655954
0.0646048242352
0.069579237009
0.0892877726274
0.136662601193
0.219765946322
0.341274913207
0.556647974347
0.0638471754009
0.0638471754009
0.0638471754009
0.0638471754009
0.0638471754009
0.0638471754009
0.0638471754009
0.0638471754009
0.0638471754009
0.0638471754009
0.0638471754009
0.0638471754009
0.0638471754009
0.0638471754009
0.0638471754009
0.0638471754009
0.0638471754009
0.0638471754009
0.0638471754009
0.0638471754009
0.0638471754009
0.0638471754009
0.0638471754009
0.0638471754009
0.0638471754009
0.0638471754009
0.0638471754009
0.0638471754009
0.0638471754009
0.0638471754009
0.0638471754009
0.0638471754009
0.0638471754009
0.0638471754009
0.0638471754009
0.0638471754009
0.0638471754009
0.0638471754009
0.0638471754009
0.0638471754009
0.0638471754009
0.0638471754009
0.0638471754009
0.0638471754009
0.0638471754009
0.063847175401
0.0638471754026
0.0638471754313
0.0638471759656
0.0638471859146
0.0638473697867
0.063850662323
0.0639040868013
0.0645567193733
0.0692867136518
0.0883379994546
0.134755474977
0.216972506608
0.338687584526
0.557932412981
0.0638471754009
0.0638471754009
0.0638471754009
0.0638471754009
0.0638471754009
0.0638471754009
0.0638471754009
0.0638471754009
0.0638471754009
0.0638471754009
0.0638471754009
0.0638471754009
0.0638471754009
0.0638471754009
0.0638471754009
0.0638471754009
0.0638471754009
0.0638471754009
0.0638471754009
0.0638471754009
0.0638471754009
0.0638471754009
0.0638471754009
0.0638471754009
0.0638471754009
0.0638471754009
0.0638471754009
0.0638471754009
0.0638471754009
0.0638471754009
0.0638471754009
0.0638471754009
0.0638471754009
0.0638471754009
0.0638471754009
0.0638471754009
0.0638471754009
0.0638471754009
0.0638471754009
0.0638471754009
0.0638471754009
0.0638471754009
0.0638471754009
0.0638471754009
0.0638471754009
0.063847175401
0.0638471754026
0.0638471754307
0.063847175946
0.0638471854265
0.0638473586581
0.0638504295281
0.0638999834996
0.0645088453462
0.0689898551375
0.0873559304404
0.132757289257
0.214012558852
0.335891956511
0.559194750014
0.0638471754009
0.0638471754009
0.0638471754009
0.0638471754009
0.0638471754009
0.0638471754009
0.0638471754009
0.0638471754009
0.0638471754009
0.0638471754009
0.0638471754009
0.0638471754009
0.0638471754009
0.0638471754009
0.0638471754009
0.0638471754009
0.0638471754009
0.0638471754009
0.0638471754009
0.0638471754009
0.0638471754009
0.0638471754009
0.0638471754009
0.0638471754009
0.0638471754009
0.0638471754009
0.0638471754009
0.0638471754009
0.0638471754009
0.0638471754009
0.0638471754009
0.0638471754009
0.0638471754009
0.0638471754009
0.0638471754009
0.0638471754009
0.0638471754009
0.0638471754009
0.0638471754009
0.0638471754009
0.0638471754009
0.0638471754009
0.0638471754009
0.0638471754009
0.0638471754009
0.063847175401
0.0638471754025
0.06384717543
0.063847175927
0.0638471849497
0.0638473477714
0.0638502029884
0.063895992119
0.0644616090654
0.0686908497615
0.0863464217346
0.130674356899
0.210890226054
0.332885054271
0.56042205842
0.0638471754009
0.0638471754009
0.0638471754009
0.0638471754009
0.0638471754009
0.0638471754009
0.0638471754009
0.0638471754009
0.0638471754009
0.0638471754009
0.0638471754009
0.0638471754009
0.0638471754009
0.0638471754009
0.0638471754009
0.0638471754009
0.0638471754009
0.0638471754009
0.0638471754009
0.0638471754009
0.0638471754009
0.0638471754009
0.0638471754009
0.0638471754009
0.0638471754009
0.0638471754009
0.0638471754009
0.0638471754009
0.0638471754009
0.0638471754009
0.0638471754009
0.0638471754009
0.0638471754009
0.0638471754009
0.0638471754009
0.0638471754009
0.0638471754009
0.0638471754009
0.0638471754009
0.0638471754009
0.0638471754009
0.0638471754009
0.0638471754009
0.0638471754009
0.0638471754009
0.063847175401
0.0638471754025
0.0638471754294
0.0638471759089
0.0638471844916
0.063847337306
0.0638499855582
0.0638921488241
0.064415477246
0.0683923796549
0.0853168736485
0.128517673187
0.207616585005
0.329667480913
0.561577556018
0.0638471754009
0.0638471754009
0.0638471754009
0.0638471754009
0.0638471754009
0.0638471754009
0.0638471754009
0.0638471754009
0.0638471754009
0.0638471754009
0.0638471754009
0.0638471754009
0.0638471754009
0.0638471754009
0.0638471754009
0.0638471754009
0.0638471754009
0.0638471754009
0.0638471754009
0.0638471754009
0.0638471754009
0.0638471754009
0.0638471754009
0.0638471754009
0.0638471754009
0.0638471754009
0.0638471754009
0.0638471754009
0.0638471754009
0.0638471754009
0.0638471754009
0.0638471754009
0.0638471754009
0.0638471754009
0.0638471754009
0.0638471754009
0.0638471754009
0.0638471754009
0.0638471754009
0.0638471754009
0.0638471754009
0.0638471754009
0.0638471754009
0.0638471754009
0.0638471754009
0.063847175401
0.0638471754025
0.0638471754289
0.0638471758917
0.0638471840506
0.0638473272446
0.0638497777069
0.0638884831071
0.064370854117
0.0680970097445
0.0842745147154
0.126297852244
0.204201714777
0.326236731412
0.562630257296
0.0638471754009
0.0638471754009
0.0638471754009
0.0638471754009
0.0638471754009
0.0638471754009
0.0638471754009
0.0638471754009
0.0638471754009
0.0638471754009
0.0638471754009
0.0638471754009
0.0638471754009
0.0638471754009
0.0638471754009
0.0638471754009
0.0638471754009
0.0638471754009
0.0638471754009
0.0638471754009
0.0638471754009
0.0638471754009
0.0638471754009
0.0638471754009
0.0638471754009
0.0638471754009
0.0638471754009
0.0638471754009
0.0638471754009
0.0638471754009
0.0638471754009
0.0638471754009
0.0638471754009
0.0638471754009
0.0638471754009
0.0638471754009
0.0638471754009
0.0638471754009
0.0638471754009
0.0638471754009
0.0638471754009
0.0638471754009
0.0638471754009
0.0638471754009
0.0638471754009
0.063847175401
0.0638471754025
0.0638471754284
0.0638471758758
0.0638471836377
0.0638473177923
0.0638495819705
0.0638850201544
0.0643280895299
0.067807232954
0.0832274358567
0.124028183556
0.200660969097
0.322593916975
0.563533022615
0.0638471754009
0.0638471754009
0.0638471754009
0.0638471754009
0.0638471754009
0.0638471754009
0.0638471754009
0.0638471754009
0.0638471754009
0.0638471754009
0.0638471754009
0.0638471754009
0.0638471754009
0.0638471754009
0.0638471754009
0.0638471754009
0.0638471754009
0.0638471754009
0.0638471754009
0.0638471754009
0.0638471754009
0.0638471754009
0.0638471754009
0.0638471754009
0.0638471754009
0.0638471754009
0.0638471754009
0.0638471754009
0.0638471754009
0.0638471754009
0.0638471754009
0.0638471754009
0.0638471754009
0.0638471754009
0.0638471754009
0.0638471754009
0.0638471754009
0.0638471754009
0.0638471754009
0.0638471754009
0.0638471754009
0.0638471754009
0.0638471754009
0.0638471754009
0.0638471754009
0.063847175401
0.0638471754025
0.0638471754281
0.0638471758614
0.0638471832527
0.0638473089095
0.0638493992243
0.0638817877553
0.0642875663794
0.0675258576963
0.0821848659005
0.12172485376
0.197010690554
0.318739265121
0.564220746766
0.0638471754009
0.0638471754009
0.0638471754009
0.0638471754009
0.0638471754009
0.0638471754009
0.0638471754009
0.0638471754009
0.0638471754009
0.0638471754009
0.0638471754009
0.0638471754009
0.0638471754009
0.0638471754009
0.0638471754009
0.0638471754009
0.0638471754009
0.0638471754009
0.0638471754009
0.0638471754009
0.0638471754009
0.0638471754009
0.0638471754009
0.0638471754009
0.0638471754009
0.0638471754009
0.0638471754009
0.0638471754009
0.0638471754009
0.0638471754009
0.0638471754009
0.0638471754009
0.0638471754009
0.0638471754009
0.0638471754009
0.0638471754009
0.0638471754009
0.0638471754009
0.0638471754009
0.0638471754009
0.0638471754009
0.0638471754009
0.0638471754009
0.0638471754009
0.0638471754009
0.063847175401
0.0638471754026
0.0638471754278
0.0638471758489
0.0638471829021
0.0638473007587
0.0638492306686
0.0638787961195
0.0642495078073
0.0672549087655
0.0811544535199
0.119400738909
0.193266703899
0.314674871975
0.564640968217
0.0638471754009
0.0638471754009
0.0638471754009
0.0638471754009
0.0638471754009
0.0638471754009
0.0638471754009
0.0638471754009
0.0638471754009
0.0638471754009
0.0638471754009
0.0638471754009
0.0638471754009
0.0638471754009
0.0638471754009
0.0638471754009
0.0638471754009
0.0638471754009
0.0638471754009
0.0638471754009
0.0638471754009
0.0638471754009
0.0638471754009
0.0638471754009
0.0638471754009
0.0638471754009
0.0638471754009
0.0638471754009
0.0638471754009
0.0638471754009
0.0638471754009
0.0638471754009
0.0638471754009
0.0638471754009
0.0638471754009
0.0638471754009
0.0638471754009
0.0638471754009
0.0638471754009
0.0638471754009
0.0638471754009
0.0638471754009
0.0638471754009
0.0638471754009
0.0638471754009
0.063847175401
0.0638471754026
0.0638471754277
0.0638471758379
0.0638471825826
0.0638472932631
0.0638490751561
0.0638760345917
0.064213920735
0.0669951310912
0.0801399017521
0.117062781401
0.189438275398
0.310404660369
0.564776669457
0.0638471754009
0.0638471754009
0.0638471754009
0.0638471754009
0.0638471754009
0.0638471754009
0.0638471754009
0.0638471754009
0.0638471754009
0.0638471754009
0.0638471754009
0.0638471754009
0.0638471754009
0.0638471754009
0.0638471754009
0.0638471754009
0.0638471754009
0.0638471754009
0.0638471754009
0.0638471754009
0.0638471754009
0.0638471754009
0.0638471754009
0.0638471754009
0.0638471754009
0.0638471754009
0.0638471754009
0.0638471754009
0.0638471754009
0.0638471754009
0.0638471754009
0.0638471754009
0.0638471754009
0.0638471754009
0.0638471754009
0.0638471754009
0.0638471754009
0.0638471754009
0.0638471754009
0.0638471754009
0.0638471754009
0.0638471754009
0.0638471754009
0.0638471754009
0.0638471754009
0.063847175401
0.0638471754026
0.0638471754276
0.0638471758288
0.0638471822948
0.0638472863477
0.0638489322276
0.0638734964625
0.0641807750374
0.0667469377599
0.0791439775519
0.114716428266
0.185532324053
0.305935257477
0.564620471609
0.0638471754009
0.0638471754009
0.0638471754009
0.0638471754009
0.0638471754009
0.0638471754009
0.0638471754009
0.0638471754009
0.0638471754009
0.0638471754009
0.0638471754009
0.0638471754009
0.0638471754009
0.0638471754009
0.0638471754009
0.0638471754009
0.0638471754009
0.0638471754009
0.0638471754009
0.0638471754009
0.0638471754009
0.0638471754009
0.0638471754009
0.0638471754009
0.0638471754009
0.0638471754009
0.0638471754009
0.0638471754009
0.0638471754009
0.0638471754009
0.0638471754009
0.0638471754009
0.0638471754009
0.0638471754009
0.0638471754009
0.0638471754009
0.0638471754009
0.0638471754009
0.0638471754009
0.0638471754009
0.0638471754009
0.0638471754009
0.0638471754009
0.0638471754009
0.0638471754009
0.063847175401
0.0638471754027
0.0638471754277
0.0638471758215
0.0638471820381
0.0638472800724
0.0638488017881
0.063871172198
0.0641500475701
0.06651103662
0.0781708773975
0.112370197229
0.181560623616
0.301272310717
0.564144991242
0.0638471754009
0.0638471754009
0.0638471754009
0.0638471754009
0.0638471754009
0.0638471754009
0.0638471754009
0.0638471754009
0.0638471754009
0.0638471754009
0.0638471754009
0.0638471754009
0.0638471754009
0.0638471754009
0.0638471754009
0.0638471754009
0.0638471754009
0.0638471754009
0.0638471754009
0.0638471754009
0.0638471754009
0.0638471754009
0.0638471754009
0.0638471754009
0.0638471754009
0.0638471754009
0.0638471754009
0.0638471754009
0.0638471754009
0.0638471754009
0.0638471754009
0.0638471754009
0.0638471754009
0.0638471754009
0.0638471754009
0.0638471754009
0.0638471754009
0.0638471754009
0.0638471754009
0.0638471754009
0.0638471754009
0.0638471754009
0.0638471754009
0.0638471754009
0.0638471754009
0.0638471754011
0.0638471754027
0.0638471754279
0.0638471758161
0.0638471818121
0.0638472743791
0.0638486828464
0.0638690570152
0.0641217690953
0.0662883506692
0.077225763158
0.110035148289
0.177536846281
0.296420519053
0.563308129119
0.0638471754009
0.0638471754009
0.0638471754009
0.0638471754009
0.0638471754009
0.0638471754009
0.0638471754009
0.0638471754009
0.0638471754009
0.0638471754009
0.0638471754009
0.0638471754009
0.0638471754009
0.0638471754009
0.0638471754009
0.0638471754009
0.0638471754009
0.0638471754009
0.0638471754009
0.0638471754009
0.0638471754009
0.0638471754009
0.0638471754009
0.0638471754009
0.0638471754009
0.0638471754009
0.0638471754009
0.0638471754009
0.0638471754009
0.0638471754009
0.0638471754009
0.0638471754009
0.0638471754009
0.0638471754009
0.0638471754009
0.0638471754009
0.0638471754009
0.0638471754009
0.0638471754009
0.0638471754009
0.0638471754009
0.0638471754009
0.0638471754009
0.0638471754009
0.0638471754009
0.0638471754011
0.0638471754028
0.0638471754283
0.0638471758128
0.0638471816206
0.0638472692999
0.0638485755376
0.0638671440969
0.0640959222476
0.06607960165
0.0763137543901
0.107723305351
0.17347931105
0.291390633219
0.562053678264
0.0638471754009
0.0638471754009
0.0638471754009
0.0638471754009
0.0638471754009
0.0638471754009
0.0638471754009
0.0638471754009
0.0638471754009
0.0638471754009
0.0638471754009
0.0638471754009
0.0638471754009
0.0638471754009
0.0638471754009
0.0638471754009
0.0638471754009
0.0638471754009
0.0638471754009
0.0638471754009
0.0638471754009
0.0638471754009
0.0638471754009
0.0638471754009
0.0638471754009
0.0638471754009
0.0638471754009
0.0638471754009
0.0638471754009
0.0638471754009
0.0638471754009
0.0638471754009
0.0638471754009
0.0638471754009
0.0638471754009
0.0638471754009
0.0638471754009
0.0638471754009
0.0638471754009
0.0638471754009
0.0638471754009
0.0638471754009
0.0638471754009
0.0638471754009
0.0638471754009
0.0638471754011
0.0638471754029
0.0638471754289
0.0638471758119
0.0638471814638
0.0638472648277
0.063848479545
0.063865427544
0.0640724674993
0.0658853121228
0.0754394336752
0.105446901145
0.169404529914
0.286190831025
0.560332207566
0.0638471754009
0.0638471754009
0.0638471754009
0.0638471754009
0.0638471754009
0.0638471754009
0.0638471754009
0.0638471754009
0.0638471754009
0.0638471754009
0.0638471754009
0.0638471754009
0.0638471754009
0.0638471754009
0.0638471754009
0.0638471754009
0.0638471754009
0.0638471754009
0.0638471754009
0.0638471754009
0.0638471754009
0.0638471754009
0.0638471754009
0.0638471754009
0.0638471754009
0.0638471754009
0.0638471754009
0.0638471754009
0.0638471754009
0.0638471754009
0.0638471754009
0.0638471754009
0.0638471754009
0.0638471754009
0.0638471754009
0.0638471754009
0.0638471754009
0.0638471754009
0.0638471754009
0.0638471754009
0.0638471754009
0.0638471754009
0.0638471754009
0.0638471754009
0.0638471754009
0.0638471754011
0.063847175403
0.0638471754297
0.0638471758137
0.0638471813451
0.063847260985
0.0638483947254
0.063863896546
0.0640513147872
0.0657056559677
0.0746062453724
0.103216363653
0.165329125907
0.280834373503
0.558094515713
0.0638471754009
0.0638471754009
0.0638471754009
0.0638471754009
0.0638471754009
0.0638471754009
0.0638471754009
0.0638471754009
0.0638471754009
0.0638471754009
0.0638471754009
0.0638471754009
0.0638471754009
0.0638471754009
0.0638471754009
0.0638471754009
0.0638471754009
0.0638471754009
0.0638471754009
0.0638471754009
0.0638471754009
0.0638471754009
0.0638471754009
0.0638471754009
0.0638471754009
0.0638471754009
0.0638471754009
0.0638471754009
0.0638471754009
0.0638471754009
0.0638471754009
0.0638471754009
0.0638471754009
0.0638471754009
0.0638471754009
0.0638471754009
0.0638471754009
0.0638471754009
0.0638471754009
0.0638471754009
0.0638471754009
0.0638471754009
0.0638471754009
0.0638471754009
0.063847175401
0.0638471754011
0.0638471754031
0.0638471754307
0.0638471758183
0.063847181264
0.0638472577311
0.0638483201701
0.0638625393287
0.0640323564973
0.0655405470141
0.0738167663444
0.101041139088
0.16126999861
0.275334033312
0.55529488679
0.0638471754009
0.0638471754009
0.0638471754009
0.0638471754009
0.0638471754009
0.0638471754009
0.0638471754009
0.0638471754009
0.0638471754009
0.0638471754009
0.0638471754009
0.0638471754009
0.0638471754009
0.0638471754009
0.0638471754009
0.0638471754009
0.0638471754009
0.0638471754009
0.0638471754009
0.0638471754009
0.0638471754009
0.0638471754009
0.0638471754009
0.0638471754009
0.0638471754009
0.0638471754009
0.0638471754009
0.0638471754009
0.0638471754009
0.0638471754009
0.0638471754009
0.0638471754009
0.0638471754009
0.0638471754009
0.0638471754009
0.0638471754009
0.0638471754009
0.0638471754009
0.0638471754009
0.0638471754009
0.0638471754009
0.0638471754009
0.0638471754009
0.0638471754009
0.063847175401
0.0638471754011
0.0638471754032
0.0638471754321
0.0638471758262
0.0638471812226
0.0638472550627
0.063848255339
0.063861341606
0.0640154420884
0.0653895927179
0.0730725484385
0.0989295324227
0.157240987397
0.269702580692
0.551895974435
0.0638471754009
0.0638471754009
0.0638471754009
0.0638471754009
0.0638471754009
0.0638471754009
0.0638471754009
0.0638471754009
0.0638471754009
0.0638471754009
0.0638471754009
0.0638471754009
0.0638471754009
0.0638471754009
0.0638471754009
0.0638471754009
0.0638471754009
0.0638471754009
0.0638471754009
0.0638471754009
0.0638471754009
0.0638471754009
0.0638471754009
0.0638471754009
0.0638471754009
0.0638471754009
0.0638471754009
0.0638471754009
0.0638471754009
0.0638471754009
0.0638471754009
0.0638471754009
0.0638471754009
0.0638471754009
0.0638471754009
0.0638471754009
0.0638471754009
0.0638471754009
0.0638471754009
0.0638471754009
0.0638471754009
0.0638471754009
0.0638471754009
0.0638471754009
0.063847175401
0.0638471754011
0.0638471754034
0.0638471754337
0.0638471758375
0.0638471812238
0.0638472529746
0.0638481996338
0.0638602912594
0.0640004124313
0.065252214043
0.0723740887059
0.096887196373
0.153253719576
0.263955470902
0.547871982969
0.0638471754009
0.0638471754009
0.0638471754009
0.0638471754009
0.0638471754009
0.0638471754009
0.0638471754009
0.0638471754009
0.0638471754009
0.0638471754009
0.0638471754009
0.0638471754009
0.0638471754009
0.0638471754009
0.0638471754009
0.0638471754009
0.0638471754009
0.0638471754009
0.0638471754009
0.0638471754009
0.0638471754009
0.0638471754009
0.0638471754009
0.0638471754009
0.0638471754009
0.0638471754009
0.0638471754009
0.0638471754009
0.0638471754009
0.0638471754009
0.0638471754009
0.0638471754009
0.0638471754009
0.0638471754009
0.0638471754009
0.0638471754009
0.0638471754009
0.0638471754009
0.0638471754009
0.0638471754009
0.0638471754009
0.0638471754009
0.0638471754009
0.0638471754009
0.063847175401
0.0638471754011
0.0638471754036
0.0638471754357
0.0638471758527
0.0638471812678
0.0638472514398
0.0638481523542
0.0638593727461
0.0639870941494
0.0651275880272
0.0717209425067
0.0949185494846
0.149319652628
0.258106550516
0.543201695139
0.0638471754009
0.0638471754009
0.0638471754009
0.0638471754009
0.0638471754009
0.0638471754009
0.0638471754009
0.0638471754009
0.0638471754009
0.0638471754009
0.0638471754009
0.0638471754009
0.0638471754009
0.0638471754009
0.0638471754009
0.0638471754009
0.0638471754009
0.0638471754009
0.0638471754009
0.0638471754009
0.0638471754009
0.0638471754009
0.0638471754009
0.0638471754009
0.0638471754009
0.0638471754009
0.0638471754009
0.0638471754009
0.0638471754009
0.0638471754009
0.0638471754009
0.0638471754009
0.0638471754009
0.0638471754009
0.0638471754009
0.0638471754009
0.0638471754009
0.0638471754009
0.0638471754009
0.0638471754009
0.0638471754009
0.0638471754009
0.0638471754009
0.0638471754009
0.063847175401
0.0638471754012
0.0638471754039
0.0638471754382
0.0638471758725
0.0638471813596
0.0638472504848
0.0638481131846
0.0638585771558
0.0639753643209
0.0650151962778
0.0711134588239
0.0930306156402
0.145452939024
0.252172800689
0.537840376192
0.0638471754009
0.0638471754009
0.0638471754009
0.0638471754009
0.0638471754009
0.0638471754009
0.0638471754009
0.0638471754009
0.0638471754009
0.0638471754009
0.0638471754009
0.0638471754009
0.0638471754009
0.0638471754009
0.0638471754009
0.0638471754009
0.0638471754009
0.0638471754009
0.0638471754009
0.0638471754009
0.0638471754009
0.0638471754009
0.0638471754009
0.0638471754009
0.0638471754009
0.0638471754009
0.0638471754009
0.0638471754009
0.0638471754009
0.0638471754009
0.0638471754009
0.0638471754009
0.0638471754009
0.0638471754009
0.0638471754009
0.0638471754009
0.0638471754009
0.0638471754009
0.0638471754009
0.0638471754009
0.0638471754009
0.0638471754009
0.0638471754009
0.0638471754009
0.063847175401
0.0638471754012
0.0638471754042
0.0638471754412
0.0638471758977
0.0638471815079
0.0638472501673
0.0638480824286
0.0638579007048
0.0639651439989
0.0649147539981
0.0705532513845
0.0912333917077
0.141673549832
0.246172285888
0.531722493105
0.0638471754009
0.0638471754009
0.0638471754009
0.0638471754009
0.0638471754009
0.0638471754009
0.0638471754009
0.0638471754009
0.0638471754009
0.0638471754009
0.0638471754009
0.0638471754009
0.0638471754009
0.0638471754009
0.0638471754009
0.0638471754009
0.0638471754009
0.0638471754009
0.0638471754009
0.0638471754009
0.0638471754009
0.0638471754009
0.0638471754009
0.0638471754009
0.0638471754009
0.0638471754009
0.0638471754009
0.0638471754009
0.0638471754009
0.0638471754009
0.0638471754009
0.0638471754009
0.0638471754009
0.0638471754009
0.0638471754009
0.0638471754009
0.0638471754009
0.0638471754009
0.0638471754009
0.0638471754009
0.0638471754009
0.0638471754009
0.0638471754009
0.0638471754009
0.063847175401
0.0638471754012
0.0638471754046
0.0638471754449
0.0638471759295
0.0638471817186
0.0638472505142
0.0638480597928
0.0638573357774
0.0639563101073
0.0648255865615
0.0700398144315
0.0895321790013
0.137995988865
0.240124878125
0.524804163877
0.0638471754009
0.0638471754009
0.0638471754009
0.0638471754009
0.0638471754009
0.0638471754009
0.0638471754009
0.0638471754009
0.0638471754009
0.0638471754009
0.0638471754009
0.0638471754009
0.0638471754009
0.0638471754009
0.0638471754009
0.0638471754009
0.0638471754009
0.0638471754009
0.0638471754009
0.0638471754009
0.0638471754009
0.0638471754009
0.0638471754009
0.0638471754009
0.0638471754009
0.0638471754009
0.0638471754009
0.0638471754009
0.0638471754009
0.0638471754009
0.0638471754009
0.0638471754009
0.0638471754009
0.0638471754009
0.0638471754009
0.0638471754009
0.0638471754009
0.0638471754009
0.0638471754009
0.0638471754009
0.0638471754009
0.0638471754009
0.0638471754009
0.0638471754009
0.063847175401
0.0638471754013
0.063847175405
0.0638471754494
0.0638471759687
0.0638471819993
0.0638472515501
0.0638480449807
0.063856872153
0.0639487187353
0.0647467072513
0.0695709047149
0.0879275310649
0.134427237715
0.234045929401
0.517074536503
0.0638471754009
0.0638471754009
0.0638471754009
0.0638471754009
0.0638471754009
0.0638471754009
0.0638471754009
0.0638471754009
0.0638471754009
0.0638471754009
0.0638471754009
0.0638471754009
0.0638471754009
0.0638471754009
0.0638471754009
0.0638471754009
0.0638471754009
0.0638471754009
0.0638471754009
0.0638471754009
0.0638471754009
0.0638471754009
0.0638471754009
0.0638471754009
0.0638471754009
0.0638471754009
0.0638471754009
0.0638471754009
0.0638471754009
0.0638471754009
0.0638471754009
0.0638471754009
0.0638471754009
0.0638471754009
0.0638471754009
0.0638471754009
0.0638471754009
0.0638471754009
0.0638471754009
0.0638471754009
0.0638471754009
0.0638471754009
0.0638471754009
0.0638471754009
0.063847175401
0.0638471754013
0.0638471754056
0.0638471754549
0.0638471760168
0.0638471823587
0.0638472533196
0.0638480378674
0.0638565000911
0.0639422394532
0.0646772335799
0.069144208231
0.0864190476878
0.13097283226
0.227950230153
0.508523415745
0.0638471754009
0.0638471754009
0.0638471754009
0.0638471754009
0.0638471754009
0.0638471754009
0.0638471754009
0.0638471754009
0.0638471754009
0.0638471754009
0.0638471754009
0.0638471754009
0.0638471754009
0.0638471754009
0.0638471754009
0.0638471754009
0.0638471754009
0.0638471754009
0.0638471754009
0.0638471754009
0.0638471754009
0.0638471754009
0.0638471754009
0.0638471754009
0.0638471754009
0.0638471754009
0.0638471754009
0.0638471754009
0.0638471754009
0.0638471754009
0.0638471754009
0.0638471754009
0.0638471754009
0.0638471754009
0.0638471754009
0.0638471754009
0.0638471754009
0.0638471754009
0.0638471754009
0.0638471754009
0.0638471754009
0.0638471754009
0.0638471754009
0.0638471754009
0.063847175401
0.0638471754014
0.0638471754063
0.0638471754617
0.0638471760759
0.0638471828122
0.0638472559125
0.0638480387021
0.0638562175802
0.0639367787107
0.0646164362727
0.0687580062059
0.085007712679
0.127640989113
0.221850709977
0.499129127678
0.0638471754009
0.0638471754009
0.0638471754009
0.0638471754009
0.0638471754009
0.0638471754009
0.0638471754009
0.0638471754009
0.0638471754009
0.0638471754009
0.0638471754009
0.0638471754009
0.0638471754009
0.0638471754009
0.0638471754009
0.0638471754009
0.0638471754009
0.0638471754009
0.0638471754009
0.0638471754009
0.0638471754009
0.0638471754009
0.0638471754009
0.0638471754009
0.0638471754009
0.0638471754009
0.0638471754009
0.0638471754009
0.0638471754009
0.0638471754009
0.0638471754009
0.0638471754009
0.0638471754009
0.0638471754009
0.0638471754009
0.0638471754009
0.0638471754009
0.0638471754009
0.0638471754009
0.0638471754009
0.0638471754009
0.0638471754009
0.0638471754009
0.0638471754009
0.063847175401
0.0638471754015
0.0638471754072
0.0638471754699
0.063847176148
0.0638471833758
0.0638472594331
0.0638480479475
0.0638560222298
0.0639322700371
0.0645637073503
0.0684107398338
0.0836946782306
0.12443985269
0.215764205664
0.488864645206
0.0638471754009
0.0638471754009
0.0638471754009
0.0638471754009
0.0638471754009
0.0638471754009
0.0638471754009
0.0638471754009
0.0638471754009
0.0638471754009
0.0638471754009
0.0638471754009
0.0638471754009
0.0638471754009
0.0638471754009
0.0638471754009
0.0638471754009
0.0638471754009
0.0638471754009
0.0638471754009
0.0638471754009
0.0638471754009
0.0638471754009
0.0638471754009
0.0638471754009
0.0638471754009
0.0638471754009
0.0638471754009
0.0638471754009
0.0638471754009
0.0638471754009
0.0638471754009
0.0638471754009
0.0638471754009
0.0638471754009
0.0638471754009
0.0638471754009
0.0638471754009
0.0638471754009
0.0638471754009
0.0638471754009
0.0638471754009
0.0638471754009
0.0638471754009
0.063847175401
0.0638471754016
0.0638471754083
0.0638471754801
0.063847176236
0.0638471840685
0.063847263985
0.0638480659002
0.0638559095743
0.0639286248799
0.0645182885275
0.0680998358502
0.0824776433297
0.121374783455
0.209705547561
0.477716839238
0.0638471754009
0.0638471754009
0.0638471754009
0.0638471754009
0.0638471754009
0.0638471754009
0.0638471754009
0.0638471754009
0.0638471754009
0.0638471754009
0.0638471754009
0.0638471754009
0.0638471754009
0.0638471754009
0.0638471754009
0.0638471754009
0.0638471754009
0.0638471754009
0.0638471754009
0.0638471754009
0.0638471754009
0.0638471754009
0.0638471754009
0.0638471754009
0.0638471754009
0.0638471754009
0.0638471754009
0.0638471754009
0.0638471754009
0.0638471754009
0.0638471754009
0.0638471754009
0.0638471754009
0.0638471754009
0.0638471754009
0.0638471754009
0.0638471754009
0.0638471754009
0.0638471754009
0.0638471754009
0.0638471754009
0.0638471754009
0.0638471754009
0.0638471754009
0.063847175401
0.0638471754018
0.0638471754096
0.0638471754925
0.0638471763438
0.0638471849183
0.0638472697599
0.0638480934659
0.0638558814653
0.0639257899821
0.0644796141698
0.0678232823389
0.0813550261315
0.118447816969
0.20368260461
0.465682692559
0.0638471754009
0.0638471754009
0.0638471754009
0.0638471754009
0.0638471754009
0.0638471754009
0.0638471754009
0.0638471754009
0.0638471754009
0.0638471754009
0.0638471754009
0.0638471754009
0.0638471754009
0.0638471754009
0.0638471754009
0.0638471754009
0.0638471754009
0.0638471754009
0.0638471754009
0.0638471754009
0.0638471754009
0.0638471754009
0.0638471754009
0.0638471754009
0.0638471754009
0.0638471754009
0.0638471754009
0.0638471754009
0.0638471754009
0.0638471754009
0.0638471754009
0.0638471754009
0.0638471754009
0.0638471754009
0.0638471754009
0.0638471754009
0.0638471754009
0.0638471754009
0.0638471754009
0.0638471754009
0.0638471754009
0.0638471754009
0.0638471754009
0.063847175401
0.063847175401
0.0638471754019
0.0638471754113
0.063847175508
0.0638471764762
0.063847185959
0.0638472769459
0.0638481316353
0.0638559389632
0.0639237215498
0.0644471523973
0.0675788225739
0.0803237760719
0.115660962075
0.197706911153
0.452756203572
0.0638471754009
0.0638471754009
0.0638471754009
0.0638471754009
0.0638471754009
0.0638471754009
0.0638471754009
0.063847175401
0.063847175401
0.063847175401
0.0638471754009
0.0638471754009
0.0638471754009
0.0638471754009
0.0638471754009
0.0638471754009
0.0638471754009
0.0638471754009
0.0638471754009
0.0638471754009
0.0638471754009
0.0638471754009
0.0638471754009
0.0638471754009
0.0638471754009
0.0638471754009
0.0638471754009
0.0638471754009
0.0638471754009
0.0638471754009
0.0638471754009
0.0638471754009
0.0638471754009
0.0638471754009
0.0638471754009
0.0638471754009
0.0638471754009
0.0638471754009
0.0638471754009
0.0638471754009
0.0638471754009
0.0638471754009
0.0638471754009
0.063847175401
0.0638471754011
0.0638471754022
0.0638471754135
0.0638471755272
0.063847176639
0.0638471872327
0.0638472858308
0.0638481818261
0.063856085305
0.0639223889919
0.0644204475825
0.0673645868361
0.0793814628747
0.113017178066
0.191787871281
0.438931075901
0.0638471754009
0.0638471754009
0.0638471754009
0.0638471754009
0.0638471754009
0.0638471754009
0.0638471754009
0.0638471754009
0.063847175401
0.0638471754009
0.0638471754009
0.0638471754009
0.0638471754009
0.0638471754009
0.0638471754009
0.0638471754009
0.0638471754009
0.0638471754009
0.0638471754009
0.0638471754009
0.0638471754009
0.0638471754009
0.0638471754009
0.0638471754009
0.0638471754009
0.0638471754009
0.0638471754009
0.0638471754009
0.0638471754009
0.0638471754009
0.0638471754009
0.0638471754009
0.0638471754009
0.0638471754009
0.0638471754009
0.0638471754009
0.0638471754009
0.0638471754009
0.0638471754009
0.0638471754009
0.0638471754009
0.0638471754009
0.0638471754009
0.063847175401
0.0638471754011
0.0638471754024
0.0638471754162
0.0638471755512
0.0638471768397
0.0638471887902
0.0638472967123
0.0638482455405
0.0638563262544
0.0639217759476
0.0643991083519
0.0671785874432
0.0785246938004
0.110515592154
0.185931596431
0.424210189139
0.0638471754009
0.0638471754009
0.0638471754009
0.0638471754009
0.0638471754009
0.0638471754009
0.0638471754009
0.0638471754009
0.0638471754009
0.0638471754009
0.0638471754009
0.0638471754009
0.0638471754009
0.0638471754009
0.0638471754009
0.0638471754009
0.0638471754009
0.0638471754009
0.0638471754009
0.0638471754009
0.0638471754009
0.0638471754009
0.0638471754009
0.0638471754009
0.0638471754009
0.0638471754009
0.0638471754009
0.0638471754009
0.0638471754009
0.0638471754009
0.0638471754009
0.0638471754009
0.0638471754009
0.0638471754009
0.0638471754009
0.0638471754009
0.0638471754009
0.0638471754009
0.0638471754009
0.0638471754009
0.0638471754009
0.0638471754009
0.0638471754009
0.063847175401
0.0638471754011
0.0638471754028
0.0638471754196
0.0638471755813
0.0638471770883
0.0638471906988
0.0638473100079
0.0638483250602
0.0638566701492
0.0639218794824
0.0643828058784
0.0670188350469
0.0777492323677
0.108153547771
0.180143462646
0.408600900118
0.0638471754009
0.0638471754009
0.0638471754009
0.0638471754009
0.0638471754009
0.0638471754009
0.0638471754009
0.0638471754009
0.0638471754009
0.0638471754009
0.0638471754009
0.0638471754009
0.0638471754009
0.0638471754009
0.0638471754009
0.0638471754009
0.0638471754009
0.0638471754009
0.0638471754009
0.0638471754009
0.0638471754009
0.0638471754009
0.0638471754009
0.0638471754009
0.0638471754009
0.0638471754009
0.0638471754009
0.0638471754009
0.0638471754009
0.0638471754009
0.0638471754009
0.0638471754009
0.0638471754009
0.0638471754009
0.0638471754009
0.0638471754009
0.0638471754009
0.0638471754009
0.0638471754009
0.0638471754009
0.0638471754009
0.0638471754009
0.0638471754009
0.063847175401
0.0638471754012
0.0638471754033
0.063847175424
0.0638471756192
0.0638471773968
0.0638471930404
0.0638473262029
0.0638484228287
0.0638571260155
0.0639226999644
0.0643712113382
0.06688338803
0.077050263314
0.105926361173
0.174421635533
0.39212099535
0.0638471754009
0.0638471754009
0.0638471754009
0.0638471754009
0.0638471754009
0.063847175401
0.0638471754009
0.063847175401
0.0638471754009
0.0638471754009
0.0638471754009
0.0638471754009
0.0638471754009
0.0638471754009
0.0638471754009
0.0638471754009
0.0638471754009
0.0638471754009
0.0638471754009
0.0638471754009
0.0638471754009
0.0638471754009
0.0638471754009
0.0638471754009
0.0638471754009
0.0638471754009
0.0638471754009
0.0638471754009
0.0638471754009
0.0638471754009
0.0638471754009
0.0638471754009
0.0638471754009
0.0638471754009
0.0638471754009
0.0638471754009
0.0638471754009
0.0638471754009
0.0638471754009
0.0638471754009
0.0638471754009
0.0638471754009
0.0638471754009
0.063847175401
0.0638471754012
0.0638471754039
0.0638471754295
0.0638471756668
0.0638471777806
0.0638471959152
0.0638473459092
0.0638485420639
0.0638577064158
0.0639242572232
0.0643641195286
0.0667705198062
0.0764229365048
0.103828105681
0.168765910332
0.374788041374
0.0638471754009
0.0638471754009
0.0638471754009
0.0638471754009
0.063847175401
0.063847175401
0.063847175401
0.063847175401
0.063847175401
0.0638471754009
0.0638471754009
0.0638471754009
0.0638471754009
0.0638471754009
0.0638471754009
0.0638471754009
0.0638471754009
0.0638471754009
0.0638471754009
0.0638471754009
0.0638471754009
0.0638471754009
0.0638471754009
0.0638471754009
0.0638471754009
0.0638471754009
0.0638471754009
0.0638471754009
0.0638471754009
0.0638471754009
0.0638471754009
0.0638471754009
0.0638471754009
0.0638471754009
0.0638471754009
0.0638471754009
0.0638471754009
0.0638471754009
0.0638471754009
0.0638471754009
0.0638471754009
0.0638471754009
0.0638471754009
0.063847175401
0.0638471754013
0.0638471754047
0.0638471754367
0.0638471757271
0.0638471782586
0.0638471994482
0.0638473698596
0.0638486864448
0.063858426273
0.0639265771949
0.0643613091002
0.0666783928724
0.0758613908309
0.101849043712
0.163168286119
0.356633863939
0.0638471754009
0.0638471754009
0.0638471754009
0.0638471754009
0.063847175401
0.063847175401
0.063847175401
0.063847175401
0.063847175401
0.0638471754009
0.0638471754009
0.0638471754009
0.0638471754009
0.0638471754009
0.0638471754009
0.0638471754009
0.0638471754009
0.0638471754009
0.0638471754009
0.0638471754009
0.0638471754009
0.0638471754009
0.0638471754009
0.0638471754009
0.0638471754009
0.0638471754009
0.0638471754009
0.0638471754009
0.0638471754009
0.0638471754009
0.0638471754009
0.0638471754009
0.0638471754009
0.0638471754009
0.0638471754009
0.0638471754009
0.0638471754009
0.0638471754009
0.0638471754009
0.0638471754009
0.0638471754009
0.0638471754009
0.0638471754009
0.063847175401
0.0638471754014
0.0638471754057
0.0638471754458
0.0638471758034
0.0638471788554
0.0638472037932
0.0638473989195
0.06384886029
0.0638593028015
0.0639296987919
0.064362640334
0.066605342906
0.075359559056
0.0999779739577
0.1576171276
0.337695207814
0.0638471754009
0.0638471754009
0.0638471754009
0.0638471754009
0.0638471754009
0.063847175401
0.063847175401
0.063847175401
0.063847175401
0.0638471754009
0.0638471754009
0.0638471754009
0.0638471754009
0.0638471754009
0.0638471754009
0.0638471754009
0.0638471754009
0.0638471754009
0.0638471754009
0.0638471754009
0.0638471754009
0.0638471754009
0.0638471754009
0.0638471754009
0.0638471754009
0.0638471754009
0.0638471754009
0.0638471754009
0.0638471754009
0.0638471754009
0.0638471754009
0.0638471754009
0.0638471754009
0.0638471754009
0.0638471754009
0.0638471754009
0.0638471754009
0.0638471754009
0.0638471754009
0.0638471754009
0.0638471754009
0.0638471754009
0.0638471754009
0.063847175401
0.0638471754016
0.0638471754071
0.0638471754576
0.0638471759
0.0638471796004
0.0638472091409
0.063847434179
0.0638490689521
0.0638603569878
0.0639336705522
0.0643680052166
0.0665497729564
0.0749114059638
0.0982019945283
0.152098661967
0.318011780938
0.0638471754009
0.0638471754009
0.0638471754009
0.0638471754009
0.0638471754009
0.063847175401
0.063847175401
0.063847175401
0.0638471754009
0.0638471754009
0.0638471754009
0.0638471754009
0.0638471754009
0.063847175401
0.0638471754009
0.0638471754009
0.0638471754009
0.0638471754009
0.0638471754009
0.0638471754009
0.0638471754009
0.0638471754009
0.0638471754009
0.0638471754009
0.0638471754009
0.0638471754009
0.0638471754009
0.0638471754009
0.0638471754009
0.0638471754009
0.0638471754009
0.0638471754009
0.063847175401
0.0638471754009
0.0638471754009
0.0638471754009
0.0638471754009
0.0638471754009
0.0638471754009
0.0638471754009
0.0638471754009
0.0638471754009
0.063847175401
0.063847175401
0.0638471754018
0.0638471754088
0.0638471754726
0.0638471760223
0.0638471805302
0.0638472157134
0.0638474768606
0.0638493182326
0.0638616104474
0.0639385334369
0.0643772203678
0.0665097661563
0.0745094396224
0.0965045655524
0.146593860777
0.297636393407
0.0638471754009
0.0638471754009
0.0638471754009
0.0638471754009
0.0638471754009
0.063847175401
0.063847175401
0.063847175401
0.063847175401
0.0638471754009
0.0638471754009
0.0638471754009
0.063847175401
0.063847175401
0.063847175401
0.0638471754009
0.0638471754009
0.0638471754009
0.0638471754009
0.0638471754009
0.0638471754009
0.0638471754009
0.0638471754009
0.0638471754009
0.0638471754009
0.063847175401
0.063847175401
0.0638471754009
0.0638471754009
0.0638471754009
0.0638471754009
0.063847175401
0.063847175401
0.063847175401
0.0638471754009
0.0638471754009
0.0638471754009
0.0638471754009
0.0638471754009
0.0638471754009
0.0638471754009
0.0638471754009
0.063847175401
0.0638471754011
0.063847175402
0.0638471754111
0.0638471754919
0.0638471761768
0.0638471816889
0.0638472237763
0.0638475283652
0.0638496143808
0.0638630846413
0.0639443189683
0.0643900484431
0.0664830804585
0.0741445459276
0.0948646067747
0.141075589507
0.276638352432
0.063847175401
0.0638471754009
0.0638471754009
0.0638471754009
0.0638471754009
0.0638471754009
0.063847175401
0.063847175401
0.0638471754009
0.0638471754009
0.0638471754009
0.0638471754009
0.063847175401
0.063847175401
0.063847175401
0.0638471754009
0.0638471754009
0.0638471754009
0.0638471754009
0.0638471754009
0.0638471754009
0.0638471754009
0.0638471754009
0.0638471754009
0.0638471754009
0.063847175401
0.063847175401
0.0638471754009
0.0638471754009
0.0638471754009
0.0638471754009
0.0638471754009
0.063847175401
0.0638471754009
0.0638471754009
0.0638471754009
0.0638471754009
0.0638471754009
0.0638471754009
0.0638471754009
0.0638471754009
0.0638471754009
0.063847175401
0.0638471754011
0.0638471754024
0.063847175414
0.0638471755165
0.0638471763713
0.0638471831259
0.0638472336181
0.0638475901718
0.0638499636541
0.0638647987012
0.063951042604
0.064406154126
0.0664670788652
0.0738067806873
0.0932582295929
0.135513846244
0.255094132812
0.063847175401
0.0638471754009
0.0638471754009
0.0638471754009
0.0638471754009
0.063847175401
0.063847175401
0.063847175401
0.0638471754009
0.0638471754009
0.0638471754009
0.0638471754009
0.063847175401
0.063847175401
0.063847175401
0.0638471754009
0.0638471754009
0.0638471754009
0.063847175401
0.0638471754009
0.0638471754009
0.0638471754009
0.0638471754009
0.0638471754009
0.0638471754009
0.063847175401
0.063847175401
0.0638471754009
0.0638471754009
0.0638471754009
0.0638471754009
0.0638471754009
0.0638471754009
0.0638471754009
0.0638471754009
0.0638471754009
0.0638471754009
0.0638471754009
0.0638471754009
0.0638471754009
0.0638471754009
0.0638471754009
0.063847175401
0.0638471754011
0.0638471754028
0.0638471754177
0.0638471755476
0.0638471766144
0.0638471848955
0.0638472455455
0.0638476637594
0.0638503717984
0.0638667658154
0.0639586750372
0.0644250120896
0.0664584719355
0.0734836815077
0.0916556620259
0.129869210348
0.233099786378
0.063847175401
0.063847175401
0.0638471754009
0.0638471754009
0.0638471754009
0.0638471754009
0.063847175401
0.063847175401
0.0638471754009
0.0638471754009
0.0638471754009
0.0638471754009
0.0638471754009
0.063847175401
0.063847175401
0.0638471754009
0.0638471754009
0.0638471754009
0.063847175401
0.063847175401
0.063847175401
0.0638471754009
0.0638471754009
0.0638471754009
0.0638471754009
0.0638471754009
0.0638471754009
0.0638471754009
0.0638471754009
0.0638471754009
0.0638471754009
0.0638471754009
0.0638471754009
0.0638471754009
0.0638471754009
0.0638471754009
0.0638471754009
0.0638471754009
0.0638471754009
0.0638471754009
0.0638471754009
0.063847175401
0.063847175401
0.0638471754012
0.0638471754033
0.0638471754225
0.0638471755866
0.0638471769149
0.0638471870522
0.06384725984
0.0638477503224
0.0638508421383
0.0638689835165
0.0639671125508
0.0644457765472
0.0664529390576
0.0731605478228
0.0900227774094
0.124099071223
0.210763014591
0.063847175401
0.063847175401
0.063847175401
0.0638471754009
0.0638471754009
0.0638471754009
0.063847175401
0.063847175401
0.063847175401
0.0638471754009
0.0638471754009
0.0638471754009
0.063847175401
0.063847175401
0.0638471754009
0.0638471754009
0.0638471754009
0.0638471754009
0.063847175401
0.0638471754009
0.0638471754009
0.0638471754009
0.0638471754009
0.0638471754009
0.0638471754009
0.0638471754009
0.0638471754009
0.0638471754009
0.0638471754009
0.0638471754009
0.063847175401
0.0638471754009
0.0638471754009
0.0638471754009
0.0638471754009
0.0638471754009
0.0638471754009
0.0638471754009
0.0638471754009
0.0638471754009
0.0638471754009
0.063847175401
0.063847175401
0.0638471754013
0.063847175404
0.0638471754284
0.0638471756347
0.0638471772805
0.0638471896364
0.0638472766801
0.0638478503198
0.0638513731733
0.0638714225502
0.0639761144815
0.064467073297
0.0664445378347
0.0728185859857
0.0883176769268
0.118152200766
0.18821678949
0.063847175401
0.063847175401
0.063847175401
0.0638471754009
0.0638471754009
0.0638471754009
0.063847175401
0.063847175401
0.0638471754009
0.0638471754009
0.0638471754009
0.0638471754009
0.0638471754009
0.0638471754009
0.0638471754009
0.0638471754009
0.0638471754009
0.0638471754009
0.063847175401
0.063847175401
0.0638471754009
0.0638471754009
0.0638471754009
0.0638471754009
0.063847175401
0.0638471754009
0.0638471754009
0.0638471754009
0.0638471754009
0.0638471754009
0.0638471754009
0.0638471754009
0.0638471754009
0.0638471754009
0.0638471754009
0.0638471754009
0.0638471754009
0.063847175401
0.0638471754009
0.0638471754009
0.0638471754009
0.063847175401
0.063847175401
0.0638471754014
0.0638471754048
0.0638471754356
0.0638471756926
0.063847177715
0.0638471926598
0.0638472960215
0.0638479626441
0.0638519542065
0.0638740058708
0.0639852254735
0.0644866951718
0.0664248907594
0.0724338403417
0.0864909720725
0.111975213191
0.165624272634
0.063847175401
0.063847175401
0.0638471754009
0.0638471754009
0.0638471754009
0.063847175401
0.063847175401
0.063847175401
0.0638471754009
0.0638471754009
0.0638471754009
0.0638471754009
0.0638471754009
0.0638471754009
0.0638471754009
0.0638471754009
0.0638471754009
0.0638471754009
0.063847175401
0.063847175401
0.0638471754009
0.0638471754009
0.0638471754009
0.0638471754009
0.063847175401
0.0638471754009
0.0638471754009
0.0638471754009
0.0638471754009
0.0638471754009
0.0638471754009
0.0638471754009
0.0638471754009
0.0638471754009
0.0638471754009
0.0638471754009
0.0638471754009
0.063847175401
0.0638471754009
0.0638471754009
0.063847175401
0.063847175401
0.063847175401
0.0638471754015
0.0638471754058
0.0638471754441
0.0638471757602
0.0638471782149
0.0638471960787
0.0638473174429
0.0638480839741
0.0638525623135
0.0638765948346
0.0639937362426
0.0645016272261
0.0663835612689
0.0719792282508
0.0844956896829
0.105544725935
0.143246565589
0.063847175401
0.0638471754009
0.0638471754009
0.0638471754009
0.0638471754009
0.063847175401
0.063847175401
0.063847175401
0.0638471754009
0.0638471754009
0.0638471754009
0.0638471754009
0.063847175401
0.0638471754009
0.0638471754009
0.0638471754009
0.0638471754009
0.0638471754009
0.0638471754009
0.063847175401
0.0638471754009
0.0638471754009
0.0638471754009
0.0638471754009
0.0638471754009
0.0638471754009
0.0638471754009
0.0638471754009
0.0638471754009
0.0638471754009
0.0638471754009
0.0638471754009
0.0638471754009
0.0638471754009
0.0638471754009
0.0638471754009
0.063847175401
0.063847175401
0.063847175401
0.0638471754009
0.063847175401
0.063847175401
0.063847175401
0.0638471754016
0.063847175407
0.0638471754541
0.0638471758381
0.063847178782
0.0638471998879
0.0638473408377
0.0638482133733
0.063853191707
0.0638791682692
0.0640016595375
0.0645127205059
0.0663275962129
0.0714897893469
0.0824559399277
0.0992181516264
0.122159130986
0.0638471754008
0.0638471754007
0.0638471754006
0.0638471754005
0.0638471754005
0.0638471754004
0.0638471754004
0.0638471754003
0.0638471754003
0.0638471754003
0.0638471754009
0.0638471754009
0.0638471754008
0.0638471754008
0.0638471754008
0.0638471754007
0.0638471754007
0.0638471754007
0.0638471754007
0.0638471754007
0.0638471754009
0.0638471754009
0.0638471754009
0.0638471754009
0.0638471754008
0.0638471754008
0.0638471754008
0.0638471754008
0.0638471754008
0.0638471754008
0.0638471754009
0.0638471754009
0.0638471754009
0.0638471754009
0.0638471754009
0.0638471754009
0.0638471754009
0.0638471754009
0.0638471754008
0.0638471754008
0.0638471754009
0.0638471754009
0.0638471754009
0.0638471754009
0.0638471754009
0.0638471754009
0.0638471754009
0.0638471754009
0.0638471754009
0.0638471754009
0.0638471754009
0.0638471754009
0.0638471754009
0.0638471754009
0.0638471754009
0.0638471754009
0.0638471754009
0.0638471754009
0.0638471754009
0.0638471754009
0.0638471754009
0.0638471754009
0.0638471754009
0.0638471754009
0.0638471754009
0.0638471754009
0.0638471754009
0.0638471754009
0.0638471754009
0.0638471754009
0.063847175401
0.0638471754009
0.0638471754009
0.0638471754009
0.0638471754009
0.0638471754009
0.0638471754009
0.0638471754009
0.0638471754009
0.0638471754009
0.063847175401
0.0638471754009
0.0638471754009
0.0638471754009
0.0638471754009
0.0638471754009
0.0638471754009
0.0638471754009
0.0638471754009
0.0638471754009
0.063847175401
0.0638471754009
0.0638471754009
0.0638471754009
0.0638471754009
0.0638471754009
0.0638471754009
0.0638471754009
0.0638471754009
0.0638471754009
0.063847175401
0.0638471754009
0.0638471754009
0.0638471754009
0.0638471754009
0.0638471754009
0.0638471754009
0.0638471754009
0.0638471754009
0.0638471754009
0.063847175401
0.0638471754009
0.0638471754009
0.0638471754009
0.0638471754009
0.0638471754009
0.0638471754009
0.0638471754009
0.0638471754009
0.0638471754009
0.063847175401
0.063847175401
0.0638471754009
0.0638471754009
0.0638471754009
0.0638471754009
0.0638471754009
0.0638471754009
0.0638471754009
0.0638471754009
0.063847175401
0.063847175401
0.0638471754009
0.0638471754009
0.0638471754009
0.0638471754009
0.0638471754009
0.0638471754009
0.0638471754009
0.0638471754009
0.063847175401
0.063847175401
0.0638471754009
0.0638471754009
0.0638471754009
0.0638471754009
0.0638471754009
0.0638471754009
0.0638471754009
0.0638471754009
0.063847175401
0.063847175401
0.0638471754009
0.0638471754009
0.0638471754009
0.0638471754009
0.0638471754009
0.0638471754009
0.0638471754009
0.0638471754009
0.063847175401
0.063847175401
0.063847175401
0.0638471754009
0.0638471754009
0.0638471754009
0.0638471754009
0.0638471754009
0.0638471754009
0.0638471754009
0.063847175401
0.063847175401
0.063847175401
0.0638471754009
0.0638471754009
0.0638471754009
0.0638471754009
0.0638471754009
0.0638471754009
0.0638471754009
0.063847175401
0.063847175401
0.063847175401
0.0638471754009
0.0638471754009
0.0638471754009
0.0638471754009
0.0638471754009
0.0638471754009
0.0638471754009
0.063847175401
0.063847175401
0.063847175401
0.0638471754009
0.0638471754009
0.0638471754009
0.0638471754009
0.0638471754009
0.0638471754009
0.0638471754009
0.063847175401
0.063847175401
0.063847175401
0.0638471754009
0.0638471754009
0.0638471754009
0.0638471754009
0.0638471754009
0.0638471754009
0.0638471754009
0.063847175401
0.063847175401
0.063847175401
0.0638471754009
0.0638471754009
0.0638471754009
0.0638471754009
0.0638471754009
0.0638471754009
0.0638471754009
0.063847175401
0.063847175401
0.063847175401
0.0638471754009
0.0638471754009
0.0638471754009
0.0638471754009
0.0638471754009
0.0638471754009
0.0638471754009
0.063847175401
0.063847175401
0.063847175401
0.0638471754009
0.0638471754009
0.0638471754009
0.0638471754009
0.0638471754009
0.0638471754009
0.0638471754009
0.063847175401
0.063847175401
0.063847175401
0.0638471754009
0.0638471754009
0.0638471754009
0.0638471754009
0.0638471754009
0.0638471754009
0.0638471754009
0.063847175401
0.063847175401
0.063847175401
0.063847175401
0.0638471754009
0.0638471754009
0.0638471754009
0.0638471754009
0.0638471754009
0.0638471754009
0.063847175401
0.063847175401
0.063847175401
0.063847175401
0.0638471754009
0.0638471754009
0.0638471754009
0.0638471754009
0.0638471754009
0.0638471754009
0.063847175401
0.063847175401
0.063847175401
0.063847175401
0.0638471754009
0.0638471754009
0.0638471754009
0.0638471754009
0.0638471754009
0.0638471754009
0.063847175401
0.063847175401
0.063847175401
0.063847175401
0.0638471754009
0.0638471754009
0.0638471754009
0.0638471754009
0.0638471754009
0.0638471754009
0.063847175401
0.063847175401
0.063847175401
0.063847175401
0.0638471754009
0.0638471754009
0.0638471754009
0.0638471754009
0.0638471754009
0.0638471754009
0.063847175401
0.063847175401
0.063847175401
0.063847175401
0.063847175401
0.0638471754009
0.0638471754009
0.0638471754009
0.0638471754009
0.0638471754009
0.063847175401
0.063847175401
0.063847175401
0.063847175401
0.063847175401
0.0638471754009
0.0638471754009
0.0638471754009
0.0638471754009
0.0638471754009
0.063847175401
0.063847175401
0.063847175401
0.063847175401
0.0638471754009
0.0638471754009
0.0638471754009
0.0638471754009
0.0638471754009
0.0638471754009
0.063847175401
0.063847175401
0.063847175401
0.063847175401
0.0638471754009
0.0638471754009
0.0638471754009
0.0638471754009
0.0638471754009
0.0638471754009
0.063847175401
0.063847175401
0.063847175401
0.063847175401
0.063847175401
0.063847175401
0.0638471754009
0.0638471754009
0.0638471754009
0.0638471754009
0.063847175401
0.063847175401
0.063847175401
0.063847175401
0.0638471754009
0.063847175401
0.0638471754009
0.0638471754009
0.0638471754009
0.0638471754009
0.063847175401
0.063847175401
0.063847175401
0.063847175401
0.063847175401
0.063847175401
0.0638471754009
0.0638471754009
0.0638471754009
0.0638471754009
0.063847175401
0.063847175401
0.063847175401
0.063847175401
0.063847175401
0.0638471754009
0.0638471754009
0.0638471754009
0.0638471754009
0.0638471754009
0.063847175401
0.063847175401
0.063847175401
0.063847175401
0.063847175401
0.0638471754009
0.0638471754009
0.0638471754009
0.0638471754009
0.0638471754009
0.063847175401
0.063847175401
0.063847175401
0.063847175401
0.063847175401
0.063847175401
0.0638471754009
0.0638471754009
0.0638471754009
0.0638471754009
0.063847175401
0.063847175401
0.063847175401
0.063847175401
0.063847175401
0.0638471754009
0.0638471754009
0.0638471754009
0.0638471754009
0.0638471754009
0.063847175401
0.063847175401
0.063847175401
0.063847175401
0.063847175401
0.063847175401
0.0638471754009
0.0638471754009
0.0638471754009
0.0638471754009
0.063847175401
0.063847175401
0.063847175401
0.063847175401
0.063847175401
0.0638471754009
0.0638471754009
0.0638471754009
0.063847175401
0.0638471754009
0.063847175401
0.063847175401
0.063847175401
0.063847175401
0.063847175401
0.063847175401
0.0638471754009
0.0638471754009
0.063847175401
0.0638471754009
0.063847175401
0.063847175401
0.063847175401
0.063847175401
0.063847175401
0.063847175401
0.063847175401
0.0638471754009
0.0638471754009
0.0638471754009
0.063847175401
0.063847175401
0.063847175401
0.063847175401
0.063847175401
0.063847175401
0.063847175401
0.063847175401
0.0638471754009
0.0638471754009
0.063847175401
0.063847175401
0.063847175401
0.063847175401
0.0638471754009
0.0638471754009
0.0638471754009
0.063847175401
0.0638471754009
0.0638471754009
0.063847175401
0.063847175401
0.063847175401
0.063847175401
0.063847175401
0.0638471754009
0.063847175401
0.063847175401
0.063847175401
0.0638471754009
0.063847175401
0.063847175401
0.063847175401
0.063847175401
0.063847175401
0.063847175401
0.0638471754009
0.0638471754009
0.063847175401
0.0638471754009
0.063847175401
0.063847175401
0.063847175401
0.063847175401
0.063847175401
0.063847175401
0.063847175401
0.0638471754009
0.063847175401
0.0638471754009
0.063847175401
0.063847175401
0.063847175401
0.063847175401
0.063847175401
0.0638471754009
0.063847175401
0.063847175401
0.063847175401
0.0638471754009
0.063847175401
0.063847175401
0.063847175401
0.063847175401
0.063847175401
0.063847175401
0.0638471754009
0.0638471754009
0.063847175401
0.0638471754009
0.063847175401
0.063847175401
0.063847175401
0.063847175401
0.063847175401
0.063847175401
0.063847175401
0.0638471754009
0.0638471754009
0.063847175401
0.063847175401
0.063847175401
0.063847175401
0.063847175401
0.0638471754009
0.063847175401
0.063847175401
0.063847175401
0.063847175401
0.063847175401
0.063847175401
0.063847175401
0.063847175401
0.063847175401
0.063847175401
0.063847175401
0.063847175401
0.063847175401
0.063847175401
0.063847175401
0.063847175401
0.063847175401
0.063847175401
0.0638471754009
0.063847175401
0.063847175401
0.0638471754009
0.0638471754009
0.0638471754009
0.0638471754009
0.063847175401
0.063847175401
0.063847175401
0.063847175401
0.063847175401
0.063847175401
0.0638471754009
0.063847175401
0.0638471754009
0.0638471754009
0.063847175401
0.063847175401
0.0638471754009
0.063847175401
0.063847175401
0.063847175401
0.063847175401
0.063847175401
0.063847175401
0.0638471754009
0.063847175401
0.063847175401
0.0638471754009
0.063847175401
0.063847175401
0.063847175401
0.063847175401
0.0638471754009
0.0638471754009
0.063847175401
0.063847175401
0.0638471754009
0.0638471754009
0.063847175401
0.063847175401
0.063847175401
0.063847175401
0.0638471754009
0.0638471754009
0.063847175401
)
;

boundaryField
{
    bottom
    {
        type            empty;
    }
    inlet
    {
        type            fixedRho;
        value           uniform 0.063847175401;
    }
    outlet
    {
        type            zeroGradient;
    }
    obstacle
    {
        type            zeroGradient;
    }
    wedgefront
    {
        type            wedge;
    }
    wedgeback
    {
        type            wedge;
    }
}


// ************************************************************************* //
