/*--------------------------------*- C++ -*----------------------------------*\
| =========                 |                                                 |
| \\      /  F ield         | foam-extend: Open Source CFD                    |
|  \\    /   O peration     | Version:     4.1                                |
|   \\  /    A nd           | Web:         http://www.foam-extend.org         |
|    \\/     M anipulation  |                                                 |
\*---------------------------------------------------------------------------*/
FoamFile
{
    version     2.0;
    format      ascii;
    class       volScalarField;
    location    "5e-05";
    object      T;
}
// * * * * * * * * * * * * * * * * * * * * * * * * * * * * * * * * * * * * * //

dimensions      [0 0 0 1 0 0 0];

internalField   nonuniform List<scalar> 
4200
(
272.999999999
272.999999999
272.999999999
272.999999999
272.999999999
272.999999999
272.999999999
272.999999999
272.999999999
272.999999999
272.999999999
272.999999999
272.999999999
272.999999999
272.999999999
272.999999999
272.999999999
272.999999999
272.999999999
272.999999999
272.999999999
272.999999999
272.999999999
272.999999999
272.999999999
272.999999999
272.999999999
272.999999999
272.999999999
272.999999999
272.999999999
272.999999999
272.999999999
272.999999999
272.999999999
272.999999998
272.999999998
272.999999999
272.999999999
272.999999999
272.999999999
272.999999999
272.999999999
272.999999999
272.999999999
272.999999999
273.000000002
273.000000065
273.000001375
273.000029081
273.000646085
273.01550768
273.424804557
286.09923319
557.992914112
2160.91485194
4768.4196679
6743.80988523
7845.49550984
9134.84771898
272.999999999
272.999999999
272.999999999
272.999999999
272.999999999
272.999999999
273
273
273
273
273
272.999999999
272.999999999
272.999999999
272.999999999
272.999999999
272.999999999
273
273
272.999999999
272.999999999
273
272.999999999
272.999999999
272.999999999
272.999999999
273
272.999999999
272.999999999
272.999999999
272.999999999
272.999999999
272.999999999
272.999999999
272.999999999
272.999999999
272.999999999
272.999999999
272.999999999
272.999999999
272.999999999
272.999999999
272.999999999
272.999999999
273
273
273.000000003
273.000000067
273.000001381
273.000029404
273.000651984
273.015744197
273.432087361
286.379226958
563.435329394
2183.16102682
4798.92299545
6772.88939403
7876.39807362
9170.73957767
272.999999999
273
273
273
273
273
273
273
273
273
273
273
273
272.999999999
272.999999999
272.999999999
273
273
272.999999999
273
273
273
273
273
273
273
273
273
273
273
273
273
273
273
273
273
273
272.999999999
272.999999999
272.999999999
272.999999999
272.999999999
272.999999999
272.999999999
272.999999999
272.999999999
273.000000003
273.000000066
273.000001375
273.000029072
273.000646459
273.015590324
273.427002045
286.217939663
560.714617082
2172.60729016
4782.99210705
6755.60961731
7859.79441834
9156.53929871
273
273
273
273
273
273
273
273
273
273
273
273
273
273
273
273
273
273
273
273
273
273
273
273
273
273
273
273
273
273
273
273
273
273
273
272.999999999
273
273
273
273
273
273
273
273
273
273
273.000000003
273.000000066
273.000001353
273.000028717
273.000636021
273.015296463
273.417803024
285.89173819
554.812728069
2148.97876124
4748.63764162
6719.82597769
7826.1371636
9126.22031656
273
273
273
273
273
273
273
273
273
273
273
273
273
273
273
273
273
273
273
273
273
273
273
273
273
273
273
273
273
273
273
273
273
273
273
273
273
273
273
273
273
273
273
273
273
273
273.000000003
273.000000065
273.00000134
273.000028241
273.000623179
273.014906649
273.404956887
285.456631817
546.806422738
2116.56945462
4701.01557804
6670.49330517
7779.68476806
9083.70738407
273
273
273
273
273
273
273
273
273
273
273
273
273
273
273
273
273
273
273
273
273
273
273
273
273
273
273
273
273
273
273
273
273
273
273
273
273
273
273
273
273
273
273
273
273
273
273.000000003
273.000000064
273.000001315
273.000027582
273.000606532
273.014428246
273.389903632
284.936649653
537.017466445
2076.41443594
4641.83768966
6609.34038405
7721.72291024
9030.98634403
273
273
273
273
273
273
273
273
273
273
273
273
273
273
273
273
273
273
273
273
273
273
273
273
273
273
273
273
273
273
273
273
273
273
273
273
273
273
273
273
273
273
273
273
273
273
273.000000003
273.000000063
273.000001291
273.000026887
273.000587244
273.013898887
273.372455255
284.336939871
525.847630259
2029.50684413
4571.64355743
6536.119419
7652.41973415
8967.24091778
273
273
273
273
273
273
273
273
273
273
273
273
273
273
273
273
273
273
273
273
273
273
273
273
273
273
273
273
273
273
273
273
273
273
273
273
273
273
273
273
273
273
273
273
273
273
273.000000003
273.000000062
273.000001257
273.000026086
273.000565728
273.013273511
273.353988269
283.686666841
513.420270537
1975.99006037
4490.9204382
6451.63037602
7572.02675848
8892.95685251
273
273
273
273
273
273
273
273
273
273
273
273
273
273
273
273
273
273
273
273
273
273
273
273
273
273
273
273
273
273
273
273
273
273
273
273
273
273
273
273
273
273
273
273
273
273
273.000000003
273.000000061
273.000001223
273.000025212
273.000541671
273.012628359
273.332817483
283.001674113
499.951087782
1916.40157652
4399.67333814
6355.92087059
7480.6593732
8808.18672846
273
273
273
273
273
273
273
273
273
273
273
273
273
273
273
273
273
273
273
273
273
273
273
273
273
273
273
273
273
273
273
273
273
273
273
273
273
273
273
273
273
273
273
273
273
273
273.000000003
273.00000006
273.000001194
273.000024414
273.000520331
273.011993024
273.312256057
282.278514856
485.646934513
1851.57152986
4298.77190351
6249.11251613
7378.70757512
8713.29919834
273
273
273
273
273
273
273
273
273
273
273
273
273
273
273
273
273
273
273
273
273
273
273
273
273
273
273
273
273
273
273
273
273
273
273
273
273
273
273
273
273
273
273
273
273
273
273.000000003
273.000000059
273.000001151
273.000023429
273.00049387
273.011216794
273.290915148
281.54255707
470.828948816
1781.8351357
4188.54895174
6132.32320074
7266.33062914
8607.49798527
273
273
273
273
273
273
273
273
273
273
273
273
273
273
273
273
273
273
273
273
273
273
273
273
273
273
273
273
273
273
273
273
273
273
273
273
273
273
273
273
273
273
273
273
273
273
273.000000003
273.000000057
273.00000112
273.000022509
273.000467327
273.01059762
273.268876921
280.814718268
455.700035747
1708.17689591
4069.97896978
6005.117536
7143.6771426
8491.65389737
273
273
273
273
273
273
273
273
273
273
273
273
273
273
273
273
273
273
273
273
273
273
273
273
273
273
273
273
273
273
273
273
273
273
273
273
273
273
273
273
273
273
273
273
273
273
273.000000003
273.000000056
273.000001084
273.000021539
273.000441837
273.009872334
273.247384474
280.09788063
440.516243307
1631.22124856
3943.5209235
5868.43213223
7011.42731167
8365.77127494
273
273
273
273
273
273
273
273
273
273
273
273
273
273
273
273
273
273
273
273
273
273
273
273
273
273
273
273
273
273
273
273
273
273
273
273
273
273
273
273
273
273
273
273
273
273
273.000000003
273.000000055
273.000001045
273.000020388
273.000418655
273.009176003
273.225921433
279.403168345
425.49127226
1551.68301519
3810.01171825
5722.64000392
6869.42174581
8229.73411802
273
273
273
273
273
273
273
273
273
273
273
273
273
273
273
273
273
273
273
273
273
273
273
273
273
273
273
273
273
273
273
273
273
273
273
273
273
273
273
273
273
273
273
273
273
273
273.000000003
273.000000054
273.000001009
273.000019545
273.000392771
273.008483006
273.205856851
278.748589899
410.801158526
1470.347544
3669.95159913
5568.01370112
6718.76097059
8083.5673547
273
273
273
273
273
273
273
273
273
273
273
273
273
273
273
273
273
273
273
273
273
273
273
273
273
273
273
273
273
273
273
273
273
273
273
273
273
273
273
273
273
273
273
273
273
273
273.000000003
273.000000052
273.000000974
273.000018584
273.000368218
273.007825698
273.186765611
278.121916735
396.646506096
1388.05007099
3524.03633079
5405.72852909
6559.43019571
7928.35424088
273
273
273
273
273
273
273
273
273
273
273
273
273
273
273
273
273
273
273
273
273
273
273
273
273
273
273
273
273
273
273
273
273
273
273
273
273
273
273
273
273
273
273
273
273
273
273.000000003
273.000000051
273.000000935
273.000017566
273.000343809
273.007187972
273.16835714
277.539902433
383.09007369
1305.15890776
3373.02671629
5236.09516554
6391.21785263
7763.16460181
273
273
273
273
273
273
273
273
273
273
273
273
273
273
273
273
273
273
273
273
273
273
273
273
273
273
273
273
273
273
273
273
273
273
273
273
273
273
273
273
273
273
273
273
273
273
273.000000003
273.00000005
273.000000908
273.00001672
273.000320742
273.006599677
273.151853443
276.998291509
370.333323306
1222.87759515
3218.09046633
5059.03886271
6215.40233705
7588.67859719
273
273
273
273
273
273
273
273
273
273
273
273
273
273
273
273
273
273
273
273
273
273
273
273
273
273
273
273
273
273
273
273
273
273
273
273
273
273
273
273
273
273
273
273
273
273
273.000000003
273.000000049
273.000000872
273.000015815
273.00029981
273.006040278
273.135963606
276.506383426
358.456941227
1141.80998851
3060.21172339
4876.17374285
6032.3845003
7405.3660242
272.999999999
273
273
273
273
273
273
273
273
273
273
273
273
273
273
273
273
273
273
273
273
273
273
273
273
273
273
273
273
273
273
273
273
273
273
273
273
273
273
273
273
273
273
273
273
273
273.000000003
273.000000048
273.000000841
273.000015024
273.000279373
273.005513371
273.121149839
276.061225242
347.537547343
1062.61867323
2899.86916041
4687.96887652
5842.52887675
7213.24362663
273
273
273
273
273
273
273
273
273
273
273
273
273
273
273
273
273
273
273
273
273
273
273
273
273
273
273
273
273
273
273
273
273
273
273
273
273
273
273
273
273
273
273
273
273
273
273.000000003
273.000000047
273.000000813
273.000014306
273.000260791
273.005028662
273.107731651
275.661915675
337.626140564
986.434521218
2739.11361623
4495.71685878
5647.10914148
7013.05457615
273
273
273
273
273
273
273
273
273
273
273
273
273
273
273
273
273
273
273
273
273
273
273
273
273
273
273
273
273
273
273
273
273
273
273
273
273
273
273
273
273
273
273
273
273
273
273.000000003
273.000000047
273.000000794
273.000013673
273.000243954
273.004600812
273.096119706
275.310479518
328.722099463
913.662853563
2578.65360968
4300.17179979
5446.59075982
6805.48591553
273
273
273
273
273
273
273
273
273
273
273
273
273
273
273
273
273
273
273
273
273
273
273
273
273
273
273
273
273
273
273
273
273
273
273
273
273
273
273
273
273
273
273
273
273
273
273.000000003
273.000000046
273.000000772
273.000013003
273.000226969
273.004193915
273.085565188
274.999295251
320.817709349
844.808155857
2419.43212354
4103.03575567
5241.51920973
6590.7530625
273
273
273
273
273
273
273
273
273
273
273
273
273
273
273
273
273
273
273
273
273
273
273
273
273
273
273
273
273
273
273
273
273
273
273
273
273
273
273
273
273
273
273
273
273
273
273.000000003
273.000000046
273.000000755
273.000012466
273.000212516
273.003829404
273.075964598
274.72828897
313.821297318
780.022871694
2262.15259252
3903.59394817
5032.81450764
6369.43709536
273
273
273
273
273
273
273
273
273
273
273
273
273
273
273
273
273
273
273
273
273
273
273
273
273
273
273
273
273
273
273
273
273
273
273
273
273
273
273
273
273
273
273
273
273
273
273.000000003
273.000000047
273.000000742
273.000011938
273.000199059
273.00350538
273.067542917
274.490904055
307.671437532
719.719497764
2107.48339083
3703.2048125
4820.72314819
6142.20213447
273
273
273
273
273
273
273
273
273
273
273
273
273
273
273
273
273
273
273
273
273
273
273
273
273
273
273
273
273
273
273
273
273
273
273
273
273
273
273
273
273
273
273
273
273
273
273.000000003
273.000000047
273.000000731
273.000011546
273.000187681
273.003212981
273.060110368
274.285642527
302.34082882
663.9921006
1956.82977286
3502.90210398
4606.46903132
5909.61002523
273
273
273
273
273
273
273
273
273
273
273
273
273
273
273
273
273
273
273
273
273
273
273
273
273
273
273
273
273
273
273
273
273
273
273
273
273
273
273
273
273
273
273
273
273
273
273.000000003
273.000000048
273.000000725
273.000011182
273.000177221
273.002939993
273.053530108
274.107563933
297.752168447
613.205452599
1810.79590845
3303.77491508
4390.85255102
5672.68930881
273
273
273
273
273
273
273
273
273
273
273
273
273
273
273
273
273
273
273
273
273
273
273
273
273
273
273
273
273
273
273
273
273
273
273
273
273
273
273
273
273
273
273
273
273
273
273.000000003
273.000000048
273.00000072
273.000010837
273.000167186
273.002710344
273.047674772
273.954621365
293.836413808
567.252583038
1670.45253637
3107.00510995
4174.65412263
5432.11261299
273
273
273
273
273
273
273
273
273
273
273
273
273
273
273
273
273
273
273
273
273
273
273
273
273
273
273
273
273
273
273
273
273
273
273
273
273
273
273
273
273
273
273
273
273
273
273.000000003
273.00000005
273.000000725
273.000010604
273.00015993
273.002510712
273.042701272
273.823959929
290.510183005
526.097048709
1536.49762309
2912.80666636
3959.11703885
5188.98501754
273
273
273
273
273
273
273
273
273
273
273
273
273
273
273
273
273
273
273
273
273
273
273
273
273
273
273
273
273
273
273
273
273
273
273
273
273
273
273
273
273
273
273
273
273
273
273.000000004
273.000000052
273.000000731
273.000010454
273.00015265
273.002331182
273.038311111
273.713385314
287.709872159
489.625008112
1409.55387358
2723.11627754
3745.28441379
4944.39225543
273
273
273
273
273
273
273
273
273
273
273
273
273
273
273
273
273
273
273
273
273
273
273
273
273
273
273
273
273
273
273
273
273
273
273
273
273
273
273
273
273
273
273
273
273
273
273.000000004
273.000000054
273.000000745
273.000010343
273.000147008
273.00217017
273.034589627
273.619382507
285.360607729
457.557388016
1290.23493405
2538.57934707
3533.22199456
4698.88951276
273
273
273
273
273
273
273
273
273
273
273
273
273
273
273
273
273
273
273
273
273
273
273
273
273
273
273
273
273
273
273
273
273
273
273
273
273
273
273
273
273
273
273
273
273
273
273.000000004
273.000000057
273.000000764
273.000010341
273.000142452
273.002040226
273.031357165
273.539086322
283.394917549
429.600782063
1178.71085658
2359.40391232
3324.60382451
4453.89099578
273
273
273
273
273
273
273
273
273
273
273
273
273
273
273
273
273
273
273
273
273
273
273
273
273
273
273
273
273
273
273
273
273
273
273
273
273
273
273
273
273
273
273
273
273
273.000000001
273.000000005
273.00000006
273.000000787
273.000010375
273.000139053
273.00192496
273.028540176
273.471420493
281.758604657
405.370586047
1075.34772048
2186.89214851
3119.55069988
4210.3182541
273
273
273
273
273
273
273
273
273
273
273
273
273
273
273
273
273
273
273
273
273
273
273
273
273
273
273
273
273
273
273
273
273
273
273
273
273
273
273
273
273
273
273
273
273
273
273.000000005
273.000000064
273.000000821
273.000010525
273.000136699
273.001831668
273.026145683
273.414544088
280.393221885
384.587122982
980.184300289
2021.34138282
2919.54815484
3968.98294903
273
273
273
273
273
273
273
273
273
273
273
273
273
273
273
273
273
273
273
273
273
273
273
273
273
273
273
273
273
273
273
273
273
273
273
273
273
273
273
273
273
273
273
273
273
273.000000001
273.000000006
273.00000007
273.000000867
273.00001075
273.000135654
273.001757668
273.024074302
273.366548075
279.263697535
366.898682545
893.376278532
1863.63166528
2725.20179077
3731.24194558
273
273
273
273
273
273
273
273
273
273
273
273
273
273
273
273
273
273
273
273
273
273
273
273
273
273
273
273
273
273
273
273
273
273
273
273
273
273
273
273
273
273
273
273
273
273.000000001
273.000000006
273.000000076
273.000000921
273.000011125
273.00013567
273.001696777
273.022418814
273.326119156
278.341220938
351.96950957
814.891757652
1714.36008204
2537.20132649
3498.26273827
273
273
273
273
273
273
273
273
273
273
273
273
273
273
273
273
273
273
273
273
273
273
273
273
273
273
273
273
273
273
273
273
273
273
273
273
273
273
273
273
273
273
273
273
273
273.000000001
273.000000007
273.000000084
273.000000987
273.000011602
273.000137289
273.001657188
273.021011011
273.292471003
277.576521263
339.420702352
744.369968403
1573.92250878
2356.29983354
3270.87722417
273
273
273
273
273
273
273
273
273
273
273
273
273
273
273
273
273
273
273
273
273
273
273
273
273
273
273
273
273
273
273
273
273
273
273
273
273
273
273
273
273
273
273
273
273
273.000000001
273.000000008
273.000000094
273.000001069
273.000012192
273.000139972
273.001629716
273.019877024
273.264576317
276.946318635
328.918183214
681.560488216
1442.1486594
2183.10612341
3049.95140462
273
273
273
273
273
273
273
273
273
273
273
273
273
273
273
273
273
273
273
273
273
273
273
273
273
273
273
273
273
273
273
273
273
273
273
273
273
273
273
273
273
273
273
273
273
273.000000001
273.000000009
273.000000105
273.000001172
273.000012973
273.000143694
273.001618433
273.018988352
273.240882103
276.422875417
320.163987004
625.959940889
1319.70157662
2017.54299828
2836.10526627
273
273
273
273
273
273
273
273
273
273
273
273
273
273
273
273
273
273
273
273
273
273
273
273
273
273
273
273
273
273
273
273
273
273
273
273
273
273
273
273
273
273
273
273
273
273.000000001
273.000000011
273.000000119
273.000001299
273.000013958
273.000150108
273.001625519
273.018311421
273.221629387
275.993875503
312.908825675
577.13874365
1206.29824425
1860.62727074
2630.34389882
273
273
273
273
273
273
273
273
273
273
273
273
273
273
273
273
273
273
273
273
273
273
273
273
273
273
273
273
273
273
273
273
273
273
273
273
273
273
273
273
273
273
273
273
273
273.000000001
273.000000013
273.000000137
273.000001448
273.000015117
273.00015745
273.001648902
273.017787961
273.206042307
275.640586211
306.903705582
534.449972398
1101.99564342
1712.21625219
2433.25457429
273
273
273
273
273
273
273
273
273
273
273
273
273
273
273
273
273
273
273
273
273
273
273
273
273
273
273
273
273
273
273
273
273
273
273
273
273
273
273
273
273
273
273
273
273
273.000000002
273.000000015
273.000000158
273.000001635
273.000016627
273.000167251
273.001689543
273.017516523
273.193017335
275.347905843
301.9254346
497.45633863
1006.56592368
1572.93874621
2245.20393791
273
273
273
273
273
273
273
273
273
273
273
273
273
273
273
273
273
273
273
273
273
273
273
273
273
273
273
273
273
273
273
273
273
273
273
273
273
273
273
273
273
273
273
273
273
273.000000002
273.000000018
273.000000185
273.000001863
273.000018384
273.00017977
273.00175062
273.017406459
273.182919753
275.108171063
297.839049703
465.546417936
919.692579727
1442.44184256
2066.67371242
273
273
273
273
273
273
273
273
273
273
273
273
273
273
273
273
273
273
273
273
273
273
273
273
273
273
273
273
273
273
273
273
273
273
273
273
273
273
273
273
273
273
273
273
273
273.000000002
273.000000022
273.000000218
273.000002147
273.000020606
273.000194558
273.001832432
273.01748362
273.175350278
274.91105561
294.445215375
438.105307231
841.31110139
1320.86048855
1897.9258345
273
273
273
273
273
273
273
273
273
273
273
273
273
273
273
273
273
273
273
273
273
273
273
273
273
273
273
273
273
273
273
273
273
273
273
273
273
273
273
273
273
273
273
273
273
273.000000002
273.000000026
273.000000259
273.00000249
273.00002329
273.000213257
273.001936993
273.017773325
273.169569188
274.751104067
291.652996009
414.695065141
770.715130956
1208.20987554
1739.12285956
273
273
273
273
273
273
273
273
273
273
273
273
273
273
273
273
273
273
273
273
273
273
273
273
273
273
273
273
273
273
273
273
273
273
273
273
273
273
273
273
273
273
273
273
273
273.000000003
273.000000032
273.000000311
273.000002916
273.000026581
273.000236272
273.002073138
273.018250506
273.166072496
274.621180822
289.356651784
394.793598906
707.619333512
1104.16229188
1590.69737107
273
273
273
273
273
273
273
273
273
273
273
273
273
273
273
273
273
273
273
273
273
273
273
273
273
273
273
273
273
273
273
273
273
273
273
273
273
273
273
273
273
273
273
273
273
273.000000004
273.00000004
273.000000377
273.000003453
273.000030585
273.000264324
273.002243337
273.018939919
273.164039865
274.516535176
287.464556497
377.859760906
651.500593702
1008.91327373
1452.02769286
273
273
273
273
273
273
273
273
273
273
273
273
273
273
273
273
273
273
273
273
273
273
273
273
273
273
273
273
273
273
273
273
273
273
273
273
273
273
273
273
273
273
273
273
273.000000001
273.000000005
273.00000005
273.000000459
273.000004108
273.00003561
273.000298197
273.002447295
273.01986074
273.164346985
274.435206667
285.897078911
363.549424679
601.799841551
921.985972273
1323.3437348
273
273
273
273
273
273
273
273
273
273
273
273
273
273
273
273
273
273
273
273
273
273
273
273
273
273
273
273
273
273
273
273
273
273
273
273
273
273
273
273
273
273
273
273
273.000000001
273.000000006
273.000000062
273.000000563
273.000004939
273.000041719
273.000339931
273.002694921
273.021060891
273.166329379
274.370484724
284.602855327
351.416283694
557.998547698
842.705958145
1204.38337171
273
273
273
273
273
273
273
273
273
273
273
273
273
273
273
273
273
273
273
273
273
273
273
273
273
273
273
273
273
273
273
273
273
273
273
273
273
273
273
273
273
273
273
273
273.000000001
273.000000008
273.000000077
273.000000694
273.00000596
273.000049188
273.000390135
273.002995017
273.022515154
273.169640113
274.32370167
283.518670027
341.144709058
519.478102267
770.877219858
1094.62670745
273
273
273.000000001
273
273
273
273
273
273
273
273
273
273
273
273
273
273
273
273
273
273
273
273
273
273
273
273
273
273
273
273
273
273
273
273
273
273
273
273
273
273
273
273
273
273.000000001
273.000000011
273.000000098
273.00000086
273.000007248
273.000058365
273.000450324
273.00335568
273.024273135
273.175348887
274.291907171
282.640273412
332.477219495
485.821759578
706.101973524
993.786442161
273
273
273
273
273
273
273
273
273
273
273
273
273
273
273
273
273
273
273
273
273
273
273
273
273
273
273
273
273
273
273
273
273
273
273
273
273
273
273
273
273
273
273
273
273.000000001
273.000000014
273.000000124
273.000001073
273.000008858
273.000069758
273.000524023
273.003782309
273.02648522
273.182089586
274.270975003
281.88953083
325.066265954
456.288896086
647.790945188
901.495762465
273
273
273
273
273
273
273
273
273
273
273
273
273
273
273
273
273
273
273
273
273
273
273
273
273
273
273
273
273
273
273
273
273
273
273
273
273
273
273
273
273
273
273
273
273.000000001
273.000000017
273.000000157
273.000001339
273.000010851
273.000083469
273.000613099
273.00429652
273.028925942
273.190905072
274.261003731
281.271369236
318.776549455
430.590679215
595.616623805
817.276386175
273
273
273
273
273
273
273
273
273
273
273
273
273
273
273
273
273
273
273
273
273
273
273
273
273
273
273
273
273
273
273
273
273
273
273
273
273
273
273
273
273
273
273
273
273.000000002
273.000000022
273.000000199
273.00000167
273.000013294
273.000100429
273.000719665
273.004898074
273.031896869
273.201438442
274.260325455
280.748335984
313.383827143
408.246386254
549.058965266
740.60314892
273
273
273
273
273
273
273
273
273
273
273
273
273
273
273
273
273
273
273
273
273
273
273
273
273
273
273
273
273
273
273
273
273
273
273
273
273
273
273
273
273
273
273
273
273.000000003
273.000000029
273.000000252
273.000002087
273.000016365
273.000121062
273.00084629
273.005596884
273.035240857
273.21363258
274.268307837
280.295730405
308.722706597
388.7119423
507.585170717
670.880353698
273
273
273
273
273
273
273
273
273
273
273
273
273
273
273
273
273
273
273
273
273
273
273
273
273
273
273
273
273
273
273
273
273
273
273
273
273
273
273
273
273
273
273
273
273.000000004
273.000000037
273.000000319
273.000002606
273.000020076
273.000145649
273.000995673
273.006409327
273.039031546
273.227268834
274.279308694
279.895730265
304.630812081
371.681849071
470.834430797
607.6308469
273
272.999999999
272.999999999
273
273
273
273
273
273
273
273
273
273
273
273
273
273
273
273
273
273
273
273
273
273
273
273
273
273
273
273
273
273
273
273
273
273
273
273
273
273
273
273
273.000000001
273.000000005
273.000000047
273.000000402
273.000003236
273.000024499
273.000174383
273.001167466
273.007325069
273.043241884
273.241808298
274.292289792
279.528892738
301.014747613
356.781558603
438.301082906
550.293520288
273
273
273
273
273
273
273
273
273
273
273
273
273
273
273
273
273
273
273
273
273
273
273
273
273
273
273
273
273
273.000000001
273
273
273
273
273
273
273
273
273
273
273
273
273
273.000000001
273.000000007
273.000000059
273.0000005
273.000003975
273.000029666
273.000207673
273.001358246
273.008313541
273.047621231
273.256153307
274.302672628
279.169249043
297.726708551
343.6597349
409.706353075
498.133679218
273
273
273
273
273
273
273
273
273
273
273
273
273
273
273
273
273
273
273
273
273
273
273
273
273
273
273
273
273
273.000000001
273
273
273
273
273
273
273
273
273
273
273
273
273
273.000000001
273.000000008
273.000000074
273.000000616
273.00000483
273.000035495
273.000244044
273.001567687
273.009372007
273.051947975
273.26920045
274.303894775
278.799592946
294.720474472
332.061612345
384.570525949
451.465439482
273
273
273.000000001
273
273
273
272.999999999
273
273
273
273
273
273
273
273
273
273
273
273
273
273
273
273
273
273
273
273
273
273
273
273.000000001
273
273
273
273
273
273
273
273
273
273
273
273
273.000000001
273.000000011
273.000000092
273.000000755
273.000005832
273.000042279
273.000285501
273.001797167
273.010471193
273.056538976
273.281699908
274.300088709
278.43229439
292.066017501
322.239045794
363.036959203
409.814302518
273
272.999999999
272.999999999
273
272.999999999
272.999999999
272.999999999
272.999999999
272.999999998
272.999999999
273
272.999999999
273
273
272.999999999
272.999999999
272.999999999
272.999999999
273
272.999999999
273
273
273
273
273
273
273
273
273
273
273
273
273
273
273
273
273
273
273.000000001
273
273
273.000000001
273
273
273
273
273
273
273
273
273
273
273
272.999999999
272.999999999
273
273
273
273
273
273
273
273
272.999999999
272.999999999
272.999999999
273
273
273
273
273
273
273
273
273
273
273
273
273
273
273
273
273
273
273.000000001
273
273.000000001
273
273
273
273
273
273
273
273
273
273
273
273
273
273
273
273
273
273
273
273
273
273
273
273
273
273
273
273
273
273
273
273
273
273
273
273
273
273
273
273
273
273
273
273
273
273
273
273
273
273
273
273
273
273
273
273
273
273
273
273
273
273
273
273
273
273
273
273
273
273
273.000000001
273
273
273
273
273
273
273
273
273
273
273
273
273
273
273
273
273
273
273
273
273
273
273
273
273
273
273
273
273
273
273
273
273
273
273
273
273
273
273
273
272.999999999
272.999999999
273
273
273
273
273
273
273
273
273
273
273
273
273
273
273
273
273
273
273
273
273
273
273
273
273
273
273
273
273
273
273
273
273
273
273
273
273
273
273
273
273
273
273
273
273
273
273
273
273
273
273
273
273
273
273
273
273
273
273
273
273
273
273
273
273
273
273
273
273
273
273
273
273
273
273
273
273
273
273
273
273
273
273
273
273
273
273
273
273
273
273
273
273
273
272.999999999
273
273
273
273
273
273
273
273
273
273
273
273
273
273
273
273
273
273
273
273
273
273
273
273
273
273
273
273
273
273
273
273
273
273
273
273
273
273
273
273
273
273
273
273
273
273
273
273
273
273
273
273
273
273
273
273
273
273
273
273
273
273
273
273
273
273
273
273
273
273
273
273
273
273
273
272.999999999
272.999999999
273
273
273
273
273
273
273
273
273
273
273
273
273
273
273
273
273
273
273
273
273
273
273
273
273
273
273
273
273
273
273
273
273
273
273
273
273
273
273
273
273
273
273
273
273.000000001
273
273
273
273
273
273
273
273
273
273
273
273.000000001
273
273
273
273
273
273
273
273
273
273.000000001
273
272.999999999
273
273
273
273
273
273
273
273
273
273
273
273
273
273
273
273
273
273
273
273
273
273
273
273
273
273
273
273
273
273
273
273
273
273
273
273
273
273
273
272.999999999
273
273
273
273
273
273
273
273
273
272.999999999
273
273
273
273
273
273
273
273
273
273
273
273
273
273
273
273
273
273
273
273.000000001
273
273
273
273
273
273
273
273
273
273
273
273
273
273.000000001
273
273
273
273
273
273
273
273
273
273
273
273.000000001
273
273
273
273
273
273
273
273
273
273.000000001
273.000000001
273.000000001
273
273
273
273
273
273
273.000000001
273
273
273
273
273.000000001
273
273
272.999999999
273
273.000000001
273
273
273
273
273.000000001
273
273
273
273
273
273
273
273
273
273
273
273
273
273
273
273
273
273
273
273
273
273
273
273
273
273
272.999999999
273
273
)
;

boundaryField
{
    bottom
    {
        type            empty;
    }
    inlet
    {
        type            fixedValue;
        value           uniform 273;
    }
    outlet
    {
        type            zeroGradient;
    }
    obstacle
    {
        type            zeroGradient;
    }
    wedgefront
    {
        type            wedge;
    }
    wedgeback
    {
        type            wedge;
    }
}


// ************************************************************************* //
