/*--------------------------------*- C++ -*----------------------------------*\
| =========                 |                                                 |
| \\      /  F ield         | foam-extend: Open Source CFD                    |
|  \\    /   O peration     | Version:     4.1                                |
|   \\  /    A nd           | Web:         http://www.foam-extend.org         |
|    \\/     M anipulation  |                                                 |
\*---------------------------------------------------------------------------*/
FoamFile
{
    version     2.0;
    format      ascii;
    class       volScalarField;
    location    "0.0001";
    object      N2;
}
// * * * * * * * * * * * * * * * * * * * * * * * * * * * * * * * * * * * * * //

dimensions      [0 0 0 0 0 0 0];

internalField   nonuniform List<scalar> 
8400
(
0.767082
0.767082
0.767082
0.767082
0.767082
0.767082
0.767082
0.767082
0.767082
0.767082
0.767082
0.767082
0.767082
0.767082
0.767082
0.767082
0.767082
0.767082
0.767082
0.767082
0.767082
0.767082
0.767082
0.767082
0.767082
0.767082
0.767082
0.767082
0.767082
0.767082
0.767082
0.767082
0.767082
0.767082
0.767082
0.767082
0.767082
0.767082
0.767082
0.767082
0.767082
0.767082
0.767082
0.758957742283
0.348608931954
7.40657985145e-05
7.15539292647e-06
1.98820474969e-06
1.09461542197e-06
8.62222398898e-07
7.91859212443e-07
7.58676716937e-07
7.33670224952e-07
7.08669524848e-07
6.84179613151e-07
6.60039774659e-07
6.37028774862e-07
6.13720937621e-07
5.91010666154e-07
5.69292449197e-07
5.49490812072e-07
5.30416489564e-07
5.12868109431e-07
4.97152661136e-07
4.83400626411e-07
4.72453020015e-07
4.63020463946e-07
4.55890078227e-07
4.51101240166e-07
4.46663245524e-07
0.767082
0.767082
0.767082
0.767082
0.767082
0.767082
0.767082
0.767082
0.767082
0.767082
0.767082
0.767082
0.767082
0.767082
0.767082
0.767082
0.767082
0.767082
0.767082
0.767082
0.767082
0.767082
0.767082
0.767082
0.767082
0.767082
0.767082
0.767082
0.767082
0.767082
0.767082
0.767082
0.767082
0.767082
0.767082
0.767082
0.767082
0.767082
0.767082
0.767082
0.767082
0.767082
0.767082
0.754020085113
0.00212473281465
2.06503955942e-05
3.44810121559e-06
1.28010163635e-06
8.66560300888e-07
7.53949864557e-07
7.17558681515e-07
6.96004923558e-07
6.75697792758e-07
6.55315027866e-07
6.34846824775e-07
6.141960419e-07
5.93371487746e-07
5.73530988779e-07
5.53439219949e-07
5.34252560882e-07
5.1614096161e-07
4.99360399923e-07
4.84034275928e-07
4.70267462097e-07
4.58947290306e-07
4.48768946005e-07
4.40474384446e-07
4.34198510067e-07
4.29963843886e-07
4.26627308299e-07
0.767082
0.767082
0.767082
0.767082
0.767082
0.767082
0.767082
0.767082
0.767082
0.767082
0.767082
0.767082
0.767082
0.767082
0.767082
0.767082
0.767082
0.767082
0.767082
0.767082
0.767082
0.767082
0.767082
0.767082
0.767082
0.767082
0.767082
0.767082
0.767082
0.767082
0.767082
0.767082
0.767082
0.767082
0.767082
0.767082
0.767082
0.767082
0.767082
0.767082
0.767082
0.767082
0.767035082005
0.619004154273
0.000261161338995
1.19814264629e-05
2.46222170042e-06
1.10155402351e-06
8.06437866674e-07
7.25975134366e-07
7.01707798956e-07
6.83114923283e-07
6.64255624299e-07
6.45106646607e-07
6.25857395559e-07
6.06279234157e-07
5.86614236039e-07
5.66947310924e-07
5.4865665241e-07
5.30526759524e-07
5.13458533704e-07
4.97693633232e-07
4.83272928439e-07
4.70333523032e-07
4.59739973204e-07
4.50205836027e-07
4.42429034238e-07
4.36591075531e-07
4.3267772461e-07
4.29715687671e-07
0.767082
0.767082
0.767082
0.767082
0.767082
0.767082
0.767082
0.767082
0.767082
0.767082
0.767082
0.767082
0.767082
0.767082
0.767082
0.767082
0.767082
0.767082
0.767082
0.767082
0.767082
0.767082
0.767082
0.767082
0.767082
0.767082
0.767082
0.767082
0.767082
0.767082
0.767082
0.767082
0.767082
0.767082
0.767082
0.767082
0.767082
0.767082
0.767082
0.767082
0.767082
0.767082
0.766556391652
0.536676080517
0.000152048102982
9.41662548542e-06
2.19656997031e-06
1.07595235654e-06
8.05801614268e-07
7.38300414931e-07
7.14238805595e-07
6.95261244727e-07
6.76154604533e-07
6.56769813178e-07
6.372599834e-07
6.17421661211e-07
5.97436504616e-07
5.77736920332e-07
5.59436333273e-07
5.41349752746e-07
5.24300960055e-07
5.08438926709e-07
4.93980964709e-07
4.81101062793e-07
4.70566408381e-07
4.61132510445e-07
4.53458338827e-07
4.47686676237e-07
4.43830830687e-07
4.40991717844e-07
0.767082
0.767082
0.767082
0.767082
0.767082
0.767082
0.767082
0.767082
0.767082
0.767082
0.767082
0.767082
0.767082
0.767082
0.767082
0.767082
0.767082
0.767082
0.767082
0.767082
0.767082
0.767082
0.767082
0.767082
0.767082
0.767082
0.767082
0.767082
0.767082
0.767082
0.767082
0.767082
0.767082
0.767082
0.767082
0.767082
0.767082
0.767082
0.767082
0.767082
0.767082
0.767082
0.766009270984
0.505774228911
0.000131313870058
9.06885499696e-06
2.18554486657e-06
1.07249540748e-06
8.31914937587e-07
7.69565623397e-07
7.43191884e-07
7.23424554196e-07
7.03025819338e-07
6.82774768049e-07
6.62267385341e-07
6.41615348052e-07
6.2080628373e-07
6.01053504961e-07
5.81340857577e-07
5.62626475499e-07
5.45054292224e-07
5.28688494162e-07
5.13749574325e-07
5.00523966203e-07
4.89734670039e-07
4.8000880481e-07
4.72077647527e-07
4.6604219365e-07
4.62033057675e-07
4.59063369808e-07
0.767082
0.767082
0.767082
0.767082
0.767082
0.767082
0.767082
0.767082
0.767082
0.767082
0.767082
0.767082
0.767082
0.767082
0.767082
0.767082
0.767082
0.767082
0.767082
0.767082
0.767082
0.767082
0.767082
0.767082
0.767082
0.767082
0.767082
0.767082
0.767082
0.767082
0.767082
0.767082
0.767082
0.767082
0.767082
0.767082
0.767082
0.767082
0.767082
0.767082
0.767082
0.767082
0.765892204368
0.503554272126
0.000130299941653
9.26536279229e-06
2.20532686704e-06
1.14758231505e-06
8.80626059627e-07
8.12319336541e-07
7.85404997027e-07
7.64103317466e-07
7.42497608405e-07
7.2092667756e-07
6.99187276185e-07
6.77248265414e-07
6.55085173649e-07
6.34160007347e-07
6.13208833468e-07
5.93428542678e-07
5.74848551394e-07
5.57534809793e-07
5.41754037421e-07
5.2843100482e-07
5.16339666065e-07
5.06124367838e-07
4.97777626601e-07
4.91507153546e-07
4.8727257599e-07
4.84115516731e-07
0.767082
0.767082
0.767082
0.767082
0.767082
0.767082
0.767082
0.767082
0.767082
0.767082
0.767082
0.767082
0.767082
0.767082
0.767082
0.767082
0.767082
0.767082
0.767082
0.767082
0.767082
0.767082
0.767082
0.767082
0.767082
0.767082
0.767082
0.767082
0.767082
0.767082
0.767082
0.767082
0.767082
0.767082
0.767082
0.767082
0.767082
0.767082
0.767082
0.767082
0.767082
0.767082
0.766214272943
0.515474030601
0.00014140829855
9.66257758704e-06
2.41320820509e-06
1.2027906391e-06
9.47144439091e-07
8.71026711805e-07
8.41348976771e-07
8.18396483737e-07
7.94510390709e-07
7.70686591405e-07
7.4696376369e-07
7.23212669741e-07
6.99475568937e-07
6.7704710011e-07
6.54545020481e-07
6.33274981045e-07
6.13195329788e-07
5.94607226559e-07
5.77688057658e-07
5.63464246589e-07
5.50532568209e-07
5.39668924576e-07
5.30907526854e-07
5.24172934791e-07
5.19638314617e-07
5.16214768289e-07
0.767082
0.767082
0.767082
0.767082
0.767082
0.767082
0.767082
0.767082
0.767082
0.767082
0.767082
0.767082
0.767082
0.767082
0.767082
0.767082
0.767082
0.767082
0.767082
0.767082
0.767082
0.767082
0.767082
0.767082
0.767082
0.767082
0.767082
0.767082
0.767082
0.767082
0.767082
0.767082
0.767082
0.767082
0.767082
0.767082
0.767082
0.767082
0.767082
0.767082
0.767082
0.767082
0.766496814928
0.536531577562
0.00016088761264
1.06045337174e-05
2.58268566772e-06
1.32790391774e-06
1.02225712667e-06
9.43716951077e-07
9.11671496175e-07
8.85905190741e-07
8.59340647738e-07
8.3306057005e-07
8.06942732476e-07
7.80830021522e-07
7.5486092858e-07
7.30358272586e-07
7.05901853484e-07
6.82727899554e-07
6.6092179676e-07
6.4075561305e-07
6.2321053021e-07
6.06929151853e-07
5.92970600554e-07
5.81325604331e-07
5.71851556917e-07
5.64663427448e-07
5.59695314715e-07
5.55930105213e-07
0.767082
0.767082
0.767082
0.767082
0.767082
0.767082
0.767082
0.767082
0.767082
0.767082
0.767082
0.767082
0.767082
0.767082
0.767082
0.767082
0.767082
0.767082
0.767082
0.767082
0.767082
0.767082
0.767082
0.767082
0.767082
0.767082
0.767082
0.767082
0.767082
0.767082
0.767082
0.767082
0.767082
0.767082
0.767082
0.767082
0.767082
0.767082
0.767082
0.767082
0.767082
0.767082
0.766778502256
0.561013252155
0.000188519449255
1.16114833911e-05
2.88317153204e-06
1.44599341586e-06
1.12253340565e-06
1.03586896312e-06
9.99030419908e-07
9.68650338819e-07
9.39684246157e-07
9.10093054393e-07
8.80720930564e-07
8.51658507048e-07
8.22941824626e-07
7.95816026867e-07
7.68697180165e-07
7.4307204649e-07
7.19040441374e-07
6.96894963343e-07
6.77659496302e-07
6.59892540268e-07
6.44589699799e-07
6.31796759812e-07
6.21462491208e-07
6.13630471264e-07
6.0825502276e-07
6.04289618252e-07
0.767082
0.767082
0.767082
0.767082
0.767082
0.767082
0.767082
0.767082
0.767082
0.767082
0.767082
0.767082
0.767082
0.767082
0.767082
0.767082
0.767082
0.767082
0.767082
0.767082
0.767082
0.767082
0.767082
0.767082
0.767082
0.767082
0.767082
0.767082
0.767082
0.767082
0.767082
0.767082
0.767082
0.767082
0.767082
0.767082
0.767082
0.767082
0.767082
0.767082
0.767082
0.767082
0.766968171629
0.587749455579
0.000232737984807
1.29432566472e-05
3.13644854739e-06
1.62479003605e-06
1.24798545089e-06
1.14462678808e-06
1.10231195656e-06
1.06893936856e-06
1.03659875057e-06
1.00318955039e-06
9.70024069307e-07
9.37147065738e-07
9.04892853236e-07
8.74315442046e-07
8.44163634738e-07
8.15702257479e-07
7.89123128289e-07
7.65509597632e-07
7.43187848733e-07
7.23492337403e-07
7.06530811972e-07
6.92310433092e-07
6.81010701417e-07
6.72389976232e-07
6.66618332166e-07
6.62470688356e-07
0.767082
0.767082
0.767082
0.767082
0.767082
0.767082
0.767082
0.767082
0.767082
0.767082
0.767082
0.767082
0.767082
0.767082
0.767082
0.767082
0.767082
0.767082
0.767082
0.767082
0.767082
0.767082
0.767082
0.767082
0.767082
0.767082
0.767082
0.767082
0.767082
0.767082
0.767082
0.767082
0.767082
0.767082
0.767082
0.767082
0.767082
0.767082
0.767082
0.767082
0.767082
0.767082
0.76702701247
0.614976743646
0.000294557121508
1.47048847704e-05
3.53385273008e-06
1.82724529149e-06
1.3959765703e-06
1.27696732916e-06
1.2275961842e-06
1.18859506724e-06
1.15147635935e-06
1.11348036173e-06
1.07564612165e-06
1.03861358776e-06
1.00340153567e-06
9.67951045942e-07
9.34112625216e-07
9.02196054625e-07
8.7237876139e-07
8.46049229222e-07
8.21242317201e-07
7.99409115228e-07
7.80600646575e-07
7.64805139644e-07
7.52077592681e-07
7.42436502865e-07
7.36887377249e-07
7.31321734611e-07
0.767082
0.767082
0.767082
0.767082
0.767082
0.767082
0.767082
0.767082
0.767082
0.767082
0.767082
0.767082
0.767082
0.767082
0.767082
0.767082
0.767082
0.767082
0.767082
0.767082
0.767082
0.767082
0.767082
0.767082
0.767082
0.767082
0.767082
0.767082
0.767082
0.767082
0.767082
0.767082
0.767082
0.767082
0.767082
0.767082
0.767082
0.767082
0.767082
0.767082
0.767082
0.767082
0.767075118534
0.644372723448
0.000382190311478
1.6844075815e-05
4.01985546756e-06
2.01263341735e-06
1.58184119187e-06
1.43816644738e-06
1.37897935924e-06
1.33230112031e-06
1.2887398643e-06
1.24481254904e-06
1.20176490567e-06
1.15951171285e-06
1.11941651282e-06
1.07941009536e-06
1.04108010645e-06
1.00483924363e-06
9.72296816193e-07
9.41500901937e-07
9.13765289318e-07
8.89278382728e-07
8.68235892092e-07
8.50524401204e-07
8.37333761641e-07
8.2646361743e-07
8.19178571767e-07
8.14125685481e-07
0.767082
0.767082
0.767082
0.767082
0.767082
0.767082
0.767082
0.767082
0.767082
0.767082
0.767082
0.767082
0.767082
0.767082
0.767082
0.767082
0.767082
0.767082
0.767082
0.767082
0.767082
0.767082
0.767082
0.767082
0.767082
0.767082
0.767082
0.767082
0.767082
0.767082
0.767082
0.767082
0.767082
0.767082
0.767082
0.767082
0.767082
0.767082
0.767082
0.767082
0.767082
0.767082
0.767077718045
0.671452191426
0.000529906958807
1.92387907764e-05
4.60766308386e-06
2.3127052803e-06
1.79038509326e-06
1.6239894409e-06
1.55820802203e-06
1.50479687169e-06
1.45451541554e-06
1.40314005011e-06
1.35288797279e-06
1.30382261872e-06
1.25751367851e-06
1.21161089971e-06
1.1677972051e-06
1.1266697658e-06
1.08961136778e-06
1.05452035789e-06
1.02307098134e-06
9.95395622085e-07
9.72787828801e-07
9.52864888093e-07
9.36765957033e-07
9.2466874826e-07
9.16415792315e-07
9.10846143549e-07
0.767082
0.767082
0.767082
0.767082
0.767082
0.767082
0.767082
0.767082
0.767082
0.767082
0.767082
0.767082
0.767082
0.767082
0.767082
0.767082
0.767082
0.767082
0.767082
0.767082
0.767082
0.767082
0.767082
0.767082
0.767082
0.767082
0.767082
0.767082
0.767082
0.767082
0.767082
0.767082
0.767082
0.767082
0.767082
0.767082
0.767082
0.767082
0.767082
0.767082
0.767082
0.767082
0.767079825469
0.701105800054
0.000825169634683
2.20299696086e-05
5.27350659781e-06
2.66324932723e-06
2.04551059289e-06
1.85063366814e-06
1.77008837972e-06
1.7075694123e-06
1.64862570877e-06
1.58923079227e-06
1.53102339488e-06
1.47568131484e-06
1.42053378008e-06
1.36752719873e-06
1.31734774509e-06
1.27160358401e-06
1.22788454611e-06
1.18794805641e-06
1.15208863072e-06
1.12161958858e-06
1.09445714211e-06
1.07187677998e-06
1.05384125314e-06
1.04023533881e-06
1.03109270366e-06
1.02503959383e-06
0.767082
0.767082
0.767082
0.767082
0.767082
0.767082
0.767082
0.767082
0.767082
0.767082
0.767082
0.767082
0.767082
0.767082
0.767082
0.767082
0.767082
0.767082
0.767082
0.767082
0.767082
0.767082
0.767082
0.767082
0.767082
0.767082
0.767082
0.767082
0.767082
0.767082
0.767082
0.767082
0.767082
0.767082
0.767082
0.767082
0.767082
0.767082
0.767082
0.767082
0.767082
0.767082
0.767081523975
0.724341426185
0.00130341391281
2.59259412707e-05
6.01551790011e-06
3.04051695896e-06
2.33737267524e-06
2.1217828537e-06
2.02677301572e-06
1.9516320722e-06
1.88114593029e-06
1.81055593726e-06
1.74204105566e-06
1.67699879931e-06
1.61291228096e-06
1.55154160399e-06
1.49525045022e-06
1.44100010787e-06
1.39094039514e-06
1.34529064526e-06
1.30554259114e-06
1.26922656688e-06
1.23813741592e-06
1.21230101488e-06
1.19171295927e-06
1.17634889792e-06
1.1671639088e-06
1.15902998315e-06
0.767082
0.767082
0.767082
0.767082
0.767082
0.767082
0.767082
0.767082
0.767082
0.767082
0.767082
0.767082
0.767082
0.767082
0.767082
0.767082
0.767082
0.767082
0.767082
0.767082
0.767082
0.767082
0.767082
0.767082
0.767082
0.767082
0.767082
0.767082
0.767082
0.767082
0.767082
0.767082
0.767082
0.767082
0.767082
0.767082
0.767082
0.767082
0.767082
0.767082
0.767082
0.767082
0.767082
0.744038212462
0.00258405519565
3.01389382422e-05
6.94824746589e-06
3.50732816942e-06
2.71456940528e-06
2.45237845717e-06
2.33228479079e-06
2.24144629302e-06
2.15704168634e-06
2.07329696786e-06
1.99211776574e-06
1.91557362185e-06
1.84041602371e-06
1.76856722861e-06
1.70307323743e-06
1.64047460923e-06
1.58277687625e-06
1.53171305311e-06
1.48433514988e-06
1.44278601123e-06
1.40699291049e-06
1.37736153685e-06
1.35524074698e-06
1.33753873281e-06
1.32557215143e-06
1.31780404186e-06
0.767082
0.767082
0.767082
0.767082
0.767082
0.767082
0.767082
0.767082
0.767082
0.767082
0.767082
0.767082
0.767082
0.767082
0.767082
0.767082
0.767082
0.767082
0.767082
0.767082
0.767082
0.767082
0.767082
0.767082
0.767082
0.767082
0.767082
0.767082
0.767082
0.767082
0.767082
0.767082
0.767082
0.767082
0.767082
0.767082
0.767082
0.767082
0.767082
0.767082
0.767082
0.767082
0.767082
0.75642864805
0.00658156571248
3.57265452661e-05
8.00757584831e-06
4.09855655533e-06
3.1215413271e-06
2.82555988684e-06
2.69355746017e-06
2.58744969882e-06
2.48409763388e-06
2.38425060382e-06
2.29023238217e-06
2.1978841271e-06
2.10915196735e-06
2.0270491895e-06
1.94837740457e-06
1.87523720701e-06
1.80999838558e-06
1.74892708748e-06
1.69429847392e-06
1.64630068428e-06
1.60700455658e-06
1.57291521299e-06
1.54582286068e-06
1.52534757221e-06
1.5112696783e-06
1.50220628488e-06
0.767082
0.767082
0.767082
0.767082
0.767082
0.767082
0.767082
0.767082
0.767082
0.767082
0.767082
0.767082
0.767082
0.767082
0.767082
0.767082
0.767082
0.767082
0.767082
0.767082
0.767082
0.767082
0.767082
0.767082
0.767082
0.767082
0.767082
0.767082
0.767082
0.767082
0.767082
0.767082
0.767082
0.767082
0.767082
0.767082
0.767082
0.767082
0.767082
0.767082
0.767082
0.767082
0.767082
0.759240578705
0.0231589541934
4.16970007359e-05
9.31866658445e-06
4.72800758671e-06
3.64990619578e-06
3.27465370261e-06
3.11785403927e-06
2.99257951888e-06
2.86941154481e-06
2.75072161172e-06
2.63877046044e-06
2.52926444467e-06
2.42733620253e-06
2.32870308694e-06
2.2365408132e-06
2.15337272896e-06
2.075023499e-06
2.00453242437e-06
1.9429850708e-06
1.88734404224e-06
1.83984096978e-06
1.80045034524e-06
1.76899284003e-06
1.74520543087e-06
1.73075205929e-06
1.72040026602e-06
0.767082
0.767082
0.767082
0.767082
0.767082
0.767082
0.767082
0.767082
0.767082
0.767082
0.767082
0.767082
0.767082
0.767082
0.767082
0.767082
0.767082
0.767082
0.767082
0.767082
0.767082
0.767082
0.767082
0.767082
0.767082
0.767082
0.767082
0.767082
0.767082
0.767082
0.767082
0.767082
0.767082
0.767082
0.767082
0.767082
0.767082
0.767082
0.767082
0.767082
0.767082
0.767082
0.767082
0.757154231395
0.0517601682469
4.97962393557e-05
1.08762241103e-05
5.48842235968e-06
4.22325718179e-06
3.81923586785e-06
3.62901763151e-06
3.47327544845e-06
3.32584176446e-06
3.18676140384e-06
3.05102308383e-06
2.92078995675e-06
2.79989188935e-06
2.68376547967e-06
2.57754149554e-06
2.47754553689e-06
2.38632552006e-06
2.30591909861e-06
2.23231214129e-06
2.16801611835e-06
2.11288166968e-06
2.06939480626e-06
2.03271285973e-06
2.00500674093e-06
1.98599025704e-06
1.97453849684e-06
0.767082
0.767082
0.767082
0.767082
0.767082
0.767082
0.767082
0.767082
0.767082
0.767082
0.767082
0.767082
0.767082
0.767082
0.767082
0.767082
0.767082
0.767082
0.767082
0.767082
0.767082
0.767082
0.767082
0.767082
0.767082
0.767082
0.767082
0.767082
0.767082
0.767082
0.767082
0.767082
0.767082
0.767082
0.767082
0.767082
0.767082
0.767082
0.767082
0.767082
0.767082
0.767082
0.767082
0.755474485614
0.0967777314544
5.89589553517e-05
1.26596263493e-05
6.4105350486e-06
4.93731164544e-06
4.45780532182e-06
4.22791031353e-06
4.04252584806e-06
3.86539000023e-06
3.69849462921e-06
3.53627965871e-06
3.38468709169e-06
3.23823245341e-06
3.10077995385e-06
2.97570361092e-06
2.8580672656e-06
2.75382322486e-06
2.65744169719e-06
2.57173298688e-06
2.4993223018e-06
2.43507260987e-06
2.38178198988e-06
2.33924179104e-06
2.30695083164e-06
2.28705325394e-06
2.27332568706e-06
0.767082
0.767082
0.767082
0.767082
0.767082
0.767082
0.767082
0.767082
0.767082
0.767082
0.767082
0.767082
0.767082
0.767082
0.767082
0.767082
0.767082
0.767082
0.767082
0.767082
0.767082
0.767082
0.767082
0.767082
0.767082
0.767082
0.767082
0.767082
0.767082
0.767082
0.767082
0.767082
0.767082
0.767082
0.767082
0.767082
0.767082
0.767082
0.767082
0.767082
0.767082
0.767082
0.767082
0.754673716267
0.13820229291
6.93450553255e-05
1.47934096594e-05
7.44628001129e-06
5.82877981662e-06
5.25399946389e-06
4.95683488604e-06
4.72371950237e-06
4.50774924725e-06
4.30517845423e-06
4.10993547722e-06
3.92812848699e-06
3.75356697624e-06
3.59349272568e-06
3.44254238648e-06
3.30704578375e-06
3.1815669431e-06
3.06864938741e-06
2.97178804095e-06
2.884328245e-06
2.80956722822e-06
2.75027075399e-06
2.70044636068e-06
2.6624042234e-06
2.63633503443e-06
2.62026913024e-06
0.767082
0.767082
0.767082
0.767082
0.767082
0.767082
0.767082
0.767082
0.767082
0.767082
0.767082
0.767082
0.767082
0.767082
0.767082
0.767082
0.767082
0.767082
0.767082
0.767082
0.767082
0.767082
0.767082
0.767082
0.767082
0.767082
0.767082
0.767082
0.767082
0.767082
0.767082
0.767082
0.767082
0.767082
0.767082
0.767082
0.767082
0.767082
0.767082
0.767082
0.767082
0.767082
0.767082
0.754396940596
0.178874587536
8.28527353666e-05
1.71737280254e-05
8.84687161966e-06
6.81160111804e-06
6.14810951318e-06
5.80160543238e-06
5.52137036772e-06
5.26315332905e-06
5.01719006731e-06
4.78771646718e-06
4.56677126347e-06
4.36311707543e-06
4.16983197062e-06
3.99457900916e-06
3.83101365231e-06
3.68685110954e-06
3.55451352498e-06
3.43697020924e-06
3.33825669192e-06
3.25089501736e-06
3.17810068412e-06
3.11965662708e-06
3.07832907673e-06
3.04704749891e-06
3.02820586621e-06
0.767082
0.767082
0.767082
0.767082
0.767082
0.767082
0.767082
0.767082
0.767082
0.767082
0.767082
0.767082
0.767082
0.767082
0.767082
0.767082
0.767082
0.767082
0.767082
0.767082
0.767082
0.767082
0.767082
0.767082
0.767082
0.767082
0.767082
0.767082
0.767082
0.767082
0.767082
0.767082
0.767082
0.767082
0.767082
0.767082
0.767082
0.767082
0.767082
0.767082
0.767082
0.767082
0.767082
0.7544293816
0.219135147502
9.95850064749e-05
1.97320763023e-05
1.03111058067e-05
8.00075688167e-06
7.24400475814e-06
6.81160843358e-06
6.47134552363e-06
6.15961587409e-06
5.861200933e-06
5.58450434827e-06
5.32420799027e-06
5.07674764939e-06
4.85020033575e-06
4.63817087071e-06
4.44927334861e-06
4.2747370765e-06
4.11913852876e-06
3.98518265236e-06
3.8655690732e-06
3.76299145e-06
3.68160172688e-06
3.61301636189e-06
3.56046061593e-06
3.52342892397e-06
3.50096499687e-06
0.767082
0.767082
0.767082
0.767082
0.767082
0.767082
0.767082
0.767082
0.767082
0.767082
0.767082
0.767082
0.767082
0.767082
0.767082
0.767082
0.767082
0.767082
0.767082
0.767082
0.767082
0.767082
0.767082
0.767082
0.767082
0.767082
0.767082
0.767082
0.767082
0.767082
0.767082
0.767082
0.767082
0.767082
0.767082
0.767082
0.767082
0.767082
0.767082
0.767082
0.767082
0.767082
0.767082
0.754669323303
0.252545839286
0.000117643046187
2.34225432048e-05
1.19837742631e-05
9.46296621184e-06
8.53097171439e-06
8.01523908033e-06
7.60411497073e-06
7.2189715292e-06
6.86303547668e-06
6.52368375278e-06
6.21062208078e-06
5.92009859295e-06
5.64625364924e-06
5.398362035e-06
5.16993303397e-06
4.96808253728e-06
4.78425789189e-06
4.62286308509e-06
4.48571932424e-06
4.36565630259e-06
4.26527871066e-06
4.18859984235e-06
4.12678464612e-06
4.08259698406e-06
4.05630541293e-06
0.767082
0.767082
0.767082
0.767082
0.767082
0.767082
0.767082
0.767082
0.767082
0.767082
0.767082
0.767082
0.767082
0.767082
0.767082
0.767082
0.767082
0.767082
0.767082
0.767082
0.767082
0.767082
0.767082
0.767082
0.767082
0.767082
0.767082
0.767082
0.767082
0.767082
0.767082
0.767082
0.767082
0.767082
0.767082
0.767082
0.767082
0.767082
0.767082
0.767082
0.767082
0.767082
0.767082
0.754967768432
0.283989839461
0.000140104478147
2.70545675616e-05
1.42332935194e-05
1.10903598966e-05
1.00543914184e-05
9.44894113481e-06
8.9482977569e-06
8.48235671486e-06
8.04123171417e-06
7.63655969058e-06
7.25459368418e-06
6.90547597119e-06
6.58346855714e-06
6.2858303666e-06
6.02056635963e-06
5.77605791562e-06
5.5642944877e-06
5.37289981826e-06
5.20804402766e-06
5.07106669276e-06
4.95323517452e-06
4.85787250119e-06
4.78440163858e-06
4.73643515798e-06
4.70445689762e-06
0.767082
0.767082
0.767082
0.767082
0.767082
0.767082
0.767082
0.767082
0.767082
0.767082
0.767082
0.767082
0.767082
0.767082
0.767082
0.767082
0.767082
0.767082
0.767082
0.767082
0.767082
0.767082
0.767082
0.767082
0.767082
0.767082
0.767082
0.767082
0.767082
0.767082
0.767082
0.767082
0.767082
0.767082
0.767082
0.767082
0.767082
0.767082
0.767082
0.767082
0.767082
0.767082
0.767082
0.755357953623
0.317622027452
0.000167382675559
3.219338989e-05
1.65397370472e-05
1.30718189211e-05
1.18776625675e-05
1.11368146729e-05
1.05243377189e-05
9.9595721293e-06
9.43577988518e-06
8.94148486304e-06
8.48799543261e-06
8.06960060566e-06
7.67955642613e-06
7.32903561474e-06
7.00758511667e-06
6.72603932336e-06
6.47014801132e-06
6.25078332254e-06
6.05519158932e-06
5.88924673914e-06
5.75507151324e-06
5.64301996316e-06
5.55625234064e-06
5.49407773148e-06
5.46079350043e-06
0.767082
0.767082
0.767082
0.767082
0.767082
0.767082
0.767082
0.767082
0.767082
0.767082
0.767082
0.767082
0.767082
0.767082
0.767082
0.767082
0.767082
0.767082
0.767082
0.767082
0.767082
0.767082
0.767082
0.767082
0.767082
0.767082
0.767082
0.767082
0.767082
0.767082
0.767082
0.767082
0.767082
0.767082
0.767082
0.767082
0.767082
0.767082
0.767082
0.767082
0.767082
0.767082
0.767082
0.755726032026
0.340997471951
0.000199912737189
3.71860488557e-05
1.93989871585e-05
1.5592254346e-05
1.40684650884e-05
1.31671273138e-05
1.2406006117e-05
1.17096185056e-05
1.10752776283e-05
1.04859731321e-05
9.93526528723e-06
9.43287258459e-06
8.97446577921e-06
8.55056534181e-06
8.17594050251e-06
7.83417219664e-06
7.53775914548e-06
7.2720212643e-06
7.04804025467e-06
6.85129357754e-06
6.69302189817e-06
6.55975015753e-06
6.45652448784e-06
6.38163140389e-06
6.34085282621e-06
0.767082
0.767082
0.767082
0.767082
0.767082
0.767082
0.767082
0.767082
0.767082
0.767082
0.767082
0.767082
0.767082
0.767082
0.767082
0.767082
0.767082
0.767082
0.767082
0.767082
0.767082
0.767082
0.767082
0.767082
0.767082
0.767082
0.767082
0.767082
0.767082
0.767082
0.767082
0.767082
0.767082
0.767082
0.767082
0.767082
0.767082
0.767082
0.767082
0.767082
0.767082
0.767082
0.767082
0.75600594598
0.360682426875
0.000233688886132
4.28102864049e-05
2.29873020405e-05
1.84556656048e-05
1.66343590397e-05
1.55483321428e-05
1.46417238911e-05
1.38037832898e-05
1.30292008143e-05
1.23040383656e-05
1.1643058231e-05
1.10400838153e-05
1.04834985129e-05
9.98825530724e-06
9.5431272542e-06
9.13826508281e-06
8.78779598946e-06
8.47424358043e-06
8.20987574726e-06
7.97779338582e-06
7.78361798576e-06
7.63312297557e-06
7.50976723056e-06
7.41945489177e-06
7.36216033583e-06
0.767082
0.767082
0.767082
0.767082
0.767082
0.767082
0.767082
0.767082
0.767082
0.767082
0.767082
0.767082
0.767082
0.767082
0.767082
0.767082
0.767082
0.767082
0.767082
0.767082
0.767082
0.767082
0.767082
0.767082
0.767082
0.767082
0.767082
0.767082
0.767082
0.767082
0.767082
0.767082
0.767082
0.767082
0.767082
0.767082
0.767082
0.767082
0.767082
0.767082
0.767082
0.767082
0.767082
0.756324075028
0.376649037052
0.000281664660059
5.00117318975e-05
2.69891978798e-05
2.17877976074e-05
1.97884618362e-05
1.84207920131e-05
1.7300876347e-05
1.6271415223e-05
1.53259715939e-05
1.44592462487e-05
1.36622325612e-05
1.29269479499e-05
1.22673015606e-05
1.16745046249e-05
1.11342090063e-05
1.06629959513e-05
1.02475474223e-05
9.87750750104e-06
9.55758454984e-06
9.29241268987e-06
9.06362131948e-06
8.88361964666e-06
8.73619162577e-06
8.62788550524e-06
8.55736961518e-06
0.767082
0.767082
0.767082
0.767082
0.767082
0.767082
0.767082
0.767082
0.767082
0.767082
0.767082
0.767082
0.767082
0.767082
0.767082
0.767082
0.767082
0.767082
0.767082
0.767082
0.767082
0.767082
0.767082
0.767082
0.767082
0.767082
0.767082
0.767082
0.767082
0.767082
0.767082
0.767082
0.767082
0.767082
0.767082
0.767082
0.767082
0.767082
0.767082
0.767082
0.767082
0.767082
0.767082
0.756403795473
0.388413810013
0.000331025559971
5.80352066496e-05
3.17538689445e-05
2.59341981884e-05
2.34456246656e-05
2.18437813381e-05
2.04674711012e-05
1.92047062876e-05
1.80496172292e-05
1.69965810507e-05
1.60236771075e-05
1.5151641822e-05
1.43658893217e-05
1.36558690268e-05
1.30167600849e-05
1.24569658716e-05
1.19522417414e-05
1.15230225588e-05
1.11464354254e-05
1.08323108976e-05
1.05612784718e-05
1.03489577789e-05
1.01711210801e-05
1.00396498822e-05
9.95326453897e-06
0.767082
0.767082
0.767082
0.767082
0.767082
0.767082
0.767082
0.767082
0.767082
0.767082
0.767082
0.767082
0.767082
0.767082
0.767082
0.767082
0.767082
0.767082
0.767082
0.767082
0.767082
0.767082
0.767082
0.767082
0.767082
0.767082
0.767082
0.767082
0.767082
0.767082
0.767082
0.767082
0.767082
0.767082
0.767082
0.767082
0.767082
0.767082
0.767082
0.767082
0.767082
0.767082
0.767082
0.756370136539
0.394530080069
0.000392225292614
6.8080771565e-05
3.77062584727e-05
3.08442014767e-05
2.7986455071e-05
2.59667032755e-05
2.42414806032e-05
2.26804851731e-05
2.12629626113e-05
1.99787521384e-05
1.8819766465e-05
1.77695430547e-05
1.68259982431e-05
1.59734614552e-05
1.52199058531e-05
1.45580191683e-05
1.39659302728e-05
1.3458651508e-05
1.30090817509e-05
1.26368885857e-05
1.23143753448e-05
1.2059465171e-05
1.18465572283e-05
1.16837419505e-05
1.15858599062e-05
0.767082
0.767082
0.767082
0.767082
0.767082
0.767082
0.767082
0.767082
0.767082
0.767082
0.767082
0.767082
0.767082
0.767082
0.767082
0.767082
0.767082
0.767082
0.767082
0.767082
0.767082
0.767082
0.767082
0.767082
0.767082
0.767082
0.767082
0.767082
0.767082
0.767082
0.767082
0.767082
0.767082
0.767082
0.767082
0.767082
0.767082
0.767082
0.767082
0.767082
0.767082
0.767082
0.767082
0.75613775133
0.397601592793
0.000463073711106
7.88420724842e-05
4.4909323672e-05
3.67330076545e-05
3.31455273866e-05
3.07890472598e-05
2.87139516621e-05
2.68209918911e-05
2.50980156346e-05
2.35341506887e-05
2.2130022552e-05
2.08653922046e-05
1.97312115215e-05
1.87107138291e-05
1.78189681242e-05
1.7025891699e-05
1.63169324397e-05
1.57162589167e-05
1.51847268796e-05
1.47424216918e-05
1.43599674208e-05
1.40541010035e-05
1.38026951787e-05
1.36035481922e-05
1.34815104623e-05
0.767082
0.767082
0.767082
0.767082
0.767082
0.767082
0.767082
0.767082
0.767082
0.767082
0.767082
0.767082
0.767082
0.767082
0.767082
0.767082
0.767082
0.767082
0.767082
0.767082
0.767082
0.767082
0.767082
0.767082
0.767082
0.767082
0.767082
0.767082
0.767082
0.767082
0.767082
0.767082
0.767082
0.767082
0.767082
0.767082
0.767082
0.767082
0.767082
0.767082
0.767082
0.767082
0.767082
0.75578091061
0.395300471291
0.000517773428818
9.01500929705e-05
5.35635145652e-05
4.35868967542e-05
3.96948911697e-05
3.66904244029e-05
3.4098539064e-05
3.17618372388e-05
2.96587539171e-05
2.77603240153e-05
2.6049608629e-05
2.45259934172e-05
2.31717608029e-05
2.19463682936e-05
2.08774361806e-05
1.99369740449e-05
1.91030082296e-05
1.83813598843e-05
1.77483801732e-05
1.72220215146e-05
1.67630791289e-05
1.64009456663e-05
1.60903834157e-05
1.58655685058e-05
1.56910701437e-05
0.767082
0.767082
0.767082
0.767082
0.767082
0.767082
0.767082
0.767082
0.767082
0.767082
0.767082
0.767082
0.767082
0.767082
0.767082
0.767082
0.767082
0.767082
0.767082
0.767082
0.767082
0.767082
0.767082
0.767082
0.767082
0.767082
0.767082
0.767082
0.767082
0.767082
0.767082
0.767082
0.767082
0.767082
0.767082
0.767082
0.767082
0.767082
0.767082
0.767082
0.767082
0.767082
0.767082
0.755392909265
0.390559519704
0.000603850914024
0.000105573737126
6.3177165967e-05
5.27319221454e-05
4.74937988494e-05
4.37447960196e-05
4.05363094417e-05
3.76733458667e-05
3.50793894706e-05
3.27584507312e-05
3.07051303381e-05
2.88671370606e-05
2.72331947128e-05
2.57613970262e-05
2.44823015823e-05
2.33605127442e-05
2.23579897196e-05
2.15095411915e-05
2.07788094169e-05
2.01309719833e-05
1.96057043356e-05
1.91470849117e-05
1.87713854534e-05
1.84874257861e-05
1.82674293442e-05
0.767082
0.767082
0.767082
0.767082
0.767082
0.767082
0.767082
0.767082
0.767082
0.767082
0.767082
0.767082
0.767082
0.767082
0.767082
0.767082
0.767082
0.767082
0.767082
0.767082
0.767082
0.767082
0.767082
0.767082
0.767082
0.767082
0.767082
0.767082
0.767082
0.767082
0.767082
0.767082
0.767082
0.767082
0.767082
0.767082
0.767082
0.767082
0.767082
0.767082
0.767082
0.767082
0.767082
0.75489760712
0.379057383964
0.000659681147294
0.00012308290668
7.59863948445e-05
6.32439411121e-05
5.69873942249e-05
5.23269072943e-05
4.83004884558e-05
4.47048833713e-05
4.1564089481e-05
3.875084406e-05
3.62245817711e-05
3.40013005824e-05
3.20376673246e-05
3.02760758587e-05
2.87478841637e-05
2.74136945908e-05
2.62431781664e-05
2.52094950455e-05
2.43276541443e-05
2.35520151544e-05
2.29111496755e-05
2.23617332056e-05
2.19235590142e-05
2.15492130551e-05
2.12972230739e-05
0.767082
0.767082
0.767082
0.767082
0.767082
0.767082
0.767082
0.767082
0.767082
0.767082
0.767082
0.767082
0.767082
0.767082
0.767082
0.767082
0.767082
0.767082
0.767082
0.767082
0.767082
0.767082
0.767082
0.767082
0.767082
0.767082
0.767082
0.767082
0.767082
0.767082
0.767082
0.767082
0.767082
0.767082
0.767082
0.767082
0.767082
0.767082
0.767082
0.767082
0.767082
0.767082
0.767082
0.754464287414
0.36546679721
0.000763639892075
0.000146673962519
9.05480405177e-05
7.63569969638e-05
6.86594079008e-05
6.28014198329e-05
5.77209578397e-05
5.32762389569e-05
4.93559323355e-05
4.58903786897e-05
4.28309389e-05
4.01337895842e-05
3.77429676552e-05
3.56614117147e-05
3.38045425068e-05
3.21957202921e-05
3.08073395152e-05
2.95582608973e-05
2.85118404401e-05
2.76080239676e-05
2.68120696514e-05
2.61579905277e-05
2.5594558048e-05
2.51374981139e-05
2.48002380016e-05
0.767082
0.767082
0.767082
0.767082
0.767082
0.767082
0.767082
0.767082
0.767082
0.767082
0.767082
0.767082
0.767082
0.767082
0.767082
0.767082
0.767082
0.767082
0.767082
0.767082
0.767082
0.767082
0.767082
0.767082
0.767082
0.767082
0.767082
0.767082
0.767082
0.767082
0.767082
0.767082
0.767082
0.767082
0.767082
0.767082
0.767082
0.767082
0.767082
0.767082
0.767082
0.767082
0.767082
0.754265474231
0.342546541
0.000825627136783
0.000170693516542
0.000109252453694
9.23055633747e-05
8.28381241068e-05
7.55041595251e-05
6.91878546527e-05
6.3604868359e-05
5.87465923287e-05
5.44614262309e-05
5.0719482483e-05
4.74368795647e-05
4.45722474309e-05
4.20479648797e-05
3.98451626364e-05
3.78933683099e-05
3.62142350646e-05
3.47593818423e-05
3.34609149903e-05
3.23682994045e-05
3.14364345854e-05
3.06123760422e-05
2.99198844914e-05
2.93615953726e-05
2.89036976959e-05
0.767082
0.767082
0.767082
0.767082
0.767082
0.767082
0.767082
0.767082
0.767082
0.767082
0.767082
0.767082
0.767082
0.767082
0.767082
0.767082
0.767082
0.767082
0.767082
0.767082
0.767082
0.767082
0.767082
0.767082
0.767082
0.767082
0.767082
0.767082
0.767082
0.767082
0.767082
0.767082
0.767082
0.767082
0.767082
0.767082
0.767082
0.767082
0.767082
0.767082
0.767082
0.767082
0.767082
0.754608119905
0.320340451939
0.000899859115896
0.000203502810973
0.000132137564941
0.000112411821953
0.000100536747932
9.11239351659e-05
8.30808563554e-05
7.60956333779e-05
7.00947390256e-05
6.48115377386e-05
6.02170764318e-05
5.61924795945e-05
5.27207987737e-05
4.96717852891e-05
4.70200151434e-05
4.470361706e-05
4.26467767687e-05
4.08866323044e-05
3.93490913427e-05
3.79923878383e-05
3.68531212949e-05
3.58426104669e-05
3.501326905e-05
3.42724927008e-05
3.37144510052e-05
0.767082
0.767082
0.767082
0.767082
0.767082
0.767082
0.767082
0.767082
0.767082
0.767082
0.767082
0.767082
0.767082
0.767082
0.767082
0.767082
0.767082
0.767082
0.767082
0.767082
0.767082
0.767082
0.767082
0.767082
0.767082
0.767082
0.767082
0.767082
0.767082
0.767082
0.767082
0.767082
0.767082
0.767082
0.767082
0.767082
0.767082
0.767082
0.767082
0.767082
0.767082
0.767082
0.767082
0.756165653209
0.293637306061
0.00105946674277
0.000242433405685
0.000161603572666
0.000137204608061
0.000122304069314
0.000110330025511
0.00010013753182
9.13902990242e-05
8.38302792653e-05
7.7316803092e-05
7.16543300289e-05
6.67878976472e-05
6.25076330931e-05
5.88348339726e-05
5.55998179409e-05
5.27903659678e-05
5.03514612693e-05
4.82266002228e-05
4.6341156166e-05
4.47207438727e-05
4.3287608148e-05
4.20675627979e-05
4.09709132286e-05
4.00787764148e-05
3.93232939473e-05
0.767082
0.767082
0.767082
0.767082
0.767082
0.767082
0.767082
0.767082
0.767082
0.767082
0.767082
0.767082
0.767082
0.767082
0.767082
0.767082
0.767082
0.767082
0.767082
0.767082
0.767082
0.767082
0.767082
0.767082
0.767082
0.767082
0.767082
0.767082
0.767082
0.767082
0.767082
0.767082
0.767082
0.767082
0.767082
0.767082
0.767082
0.767082
0.767082
0.767082
0.767082
0.767082
0.767081887497
0.75907537972
0.272587901662
0.00116512183176
0.000288611853737
0.000198953475784
0.000168613306509
0.00014971189829
0.000134350336641
0.000121233430873
0.000110170355207
0.000100661534339
9.25527850028e-05
8.56434929337e-05
7.96171345346e-05
7.44362713293e-05
6.9909738693e-05
6.60153275236e-05
6.25936764185e-05
5.95632125341e-05
5.69721370885e-05
5.47025346109e-05
5.26860442189e-05
5.09627378606e-05
4.94658694875e-05
4.80974895456e-05
4.69323419497e-05
4.58965829506e-05
0.767082
0.767082
0.767082
0.767082
0.767082
0.767082
0.767082
0.767082
0.767082
0.767082
0.767082
0.767082
0.767082
0.767082
0.767082
0.767082
0.767082
0.767082
0.767082
0.767082
0.767082
0.767082
0.767082
0.767082
0.767082
0.767082
0.767082
0.767082
0.767082
0.767082
0.767082
0.767082
0.767082
0.767082
0.767082
0.767082
0.767082
0.767082
0.767082
0.767082
0.767082
0.767082
0.76707857424
0.749955948999
0.238701168225
0.00124271191703
0.000359010329478
0.000250980455954
0.000211168060614
0.000184955940738
0.000164690973845
0.00014773245329
0.000133583537483
0.000121590898359
0.000111490708972
0.00010278433129
9.53542640386e-05
8.89350342695e-05
8.33997393539e-05
7.85877314641e-05
7.44329669315e-05
7.07828145251e-05
6.75957605421e-05
6.47407709391e-05
6.23040336217e-05
6.01457879258e-05
5.8184580904e-05
5.64947163274e-05
5.49245712301e-05
5.36211276164e-05
0.767082
0.767082
0.767082
0.767082
0.767082
0.767082
0.767082
0.767082
0.767082
0.767082
0.767082
0.767082
0.767082
0.767082
0.767082
0.767082
0.767082
0.767082
0.767082
0.767082
0.767082
0.767082
0.767082
0.767082
0.767082
0.767082
0.767082
0.767082
0.767082
0.767082
0.767082
0.767082
0.767082
0.767082
0.767082
0.767082
0.767082
0.767082
0.767082
0.767082
0.767082
0.767082
0.767049573626
0.721430887978
0.215838086538
0.0014727372052
0.000430444453999
0.000315628259879
0.000264381343768
0.000230499339132
0.000203838960193
0.000181537456273
0.000163182026326
0.000147862095454
0.000134980752838
0.000124117033862
0.000114843255175
0.000106855062929
9.99979405637e-05
9.40734104553e-05
8.89319827092e-05
8.44411500778e-05
8.0406761257e-05
7.69458069935e-05
7.38886839039e-05
7.10976659461e-05
6.86863442589e-05
6.64380807656e-05
6.44730329219e-05
6.27038133839e-05
0.767082
0.767082
0.767082
0.767082
0.767082
0.767082
0.767082
0.767082
0.767082
0.767082
0.767082
0.767082
0.767082
0.767082
0.767082
0.767082
0.767082
0.767082
0.767082
0.767082
0.767082
0.767082
0.767082
0.767082
0.767082
0.767082
0.767082
0.767082
0.767082
0.767082
0.767082
0.767082
0.767082
0.767082
0.767082
0.767082
0.767082
0.767082
0.767082
0.767082
0.767082
0.767082
0.766725916593
0.686182466643
0.18424002434
0.00179933305132
0.000550678802447
0.000406381754058
0.000336481046292
0.000290712286301
0.000254000103144
0.000224737986072
0.000200883031893
0.00018108657505
0.000164619028483
0.000150740189218
0.000139069350589
0.000129041277919
0.00012050416371
0.000113090057146
0.000106665160202
0.000101059633176
9.61350987575e-05
9.18103598474e-05
8.78524988499e-05
8.44071126797e-05
8.13002723816e-05
7.83839739513e-05
7.57734654252e-05
7.3390862717e-05
0.767082
0.767082
0.767082
0.767082
0.767082
0.767082
0.767082
0.767082
0.767082
0.767082
0.767082
0.767082
0.767082
0.767082
0.767082
0.767082
0.767082
0.767082
0.767082
0.767082
0.767082
0.767082
0.767082
0.767082
0.767082
0.767082
0.767082
0.767082
0.767082
0.767082
0.767082
0.767082
0.767082
0.767082
0.767082
0.767082
0.767082
0.767082
0.767082
0.767082
0.767082
0.767082
0.765064440072
0.646931843617
0.163966581757
0.00209830674911
0.000743008135103
0.00053566429783
0.000436446251627
0.000371873465806
0.000321820025772
0.000281687509908
0.000249721475168
0.000223881093872
0.000202413257775
0.000184792411682
0.000169892044879
0.000157192175254
0.000146301594524
0.000136928042739
0.000128881244201
0.000121825955777
0.000115597086672
0.000109957595089
0.000105033943229
0.000100607058919
9.64425127272e-05
9.27206663325e-05
8.92346464568e-05
8.58446248516e-05
0.767082
0.767082
0.767082
0.767082
0.767082
0.767082
0.767082
0.767082
0.767082
0.767082
0.767082
0.767082
0.767082
0.767082
0.767082
0.767082
0.767082
0.767082
0.767082
0.767082
0.767082
0.767082
0.767082
0.767082
0.767082
0.767082
0.767082
0.767082
0.767082
0.767082
0.767082
0.767082
0.767082
0.767082
0.767082
0.767082
0.767082
0.767082
0.767082
0.767082
0.767082
0.767082
0.760562470789
0.602381756869
0.146310680012
0.00297221910526
0.000993845111022
0.000710514248876
0.000574788884627
0.000483258168657
0.000412416966859
0.000358122159775
0.000314584665673
0.000279844979621
0.000251903648149
0.000228662953802
0.000209458652842
0.000193023189231
0.000179185022122
0.000167353766481
0.000156892526413
0.000147847184535
0.000139697836225
0.000132587357002
0.000126214325714
0.000120441031417
0.000114932386203
0.000109957941417
0.000105242967255
0.000100600838566
0.767082
0.767082
0.767082
0.767082
0.767082
0.767082
0.767082
0.767082
0.767082
0.767082
0.767082
0.767082
0.767082
0.767082
0.767082
0.767082
0.767082
0.767082
0.767082
0.767082
0.767082
0.767082
0.767082
0.767082
0.767082
0.767082
0.767082
0.767082
0.767082
0.767082
0.767082
0.767082
0.767082
0.767082
0.767082
0.767082
0.767082
0.767082
0.767082
0.767082
0.767082
0.767082
0.756889218639
0.558891014687
0.13660926038
0.00410164724568
0.00144601175855
0.000996412636388
0.000783842057194
0.000645134712734
0.000541104427119
0.000462462326943
0.000402675087735
0.000355529708792
0.00031801128547
0.000287076284862
0.000261183625019
0.000239838673617
0.000221831917575
0.000206171990973
0.000192441003665
0.00018065212996
0.000170173251304
0.000160906422273
0.000152538879175
0.000144650967992
0.000137556676799
0.000130817393218
0.000124164074309
0.000117946474453
0.767082
0.767082
0.767082
0.767082
0.767082
0.767082
0.767082
0.767082
0.767082
0.767082
0.767082
0.767082
0.767082
0.767082
0.767082
0.767082
0.767082
0.767082
0.767082
0.767082
0.767082
0.767082
0.767082
0.767082
0.767082
0.767082
0.767082
0.767082
0.767082
0.767082
0.767082
0.767082
0.767082
0.767082
0.767082
0.767082
0.767082
0.767082
0.767082
0.767082
0.767082
0.767082
0.754777596636
0.525315546779
0.138592739122
0.00612945727155
0.00217524284186
0.00145063484538
0.00111199430474
0.000893076073177
0.000731161406423
0.000615598265513
0.00052935286594
0.000461700738344
0.000409038706007
0.000366231688214
0.000331526726695
0.000302230339546
0.00027803248061
0.000257186282238
0.00023910473982
0.00022338686864
0.000209401273208
0.00019701194329
0.000185744011254
0.000175039579354
0.000165321262536
0.00015611971988
0.000146915832172
0.000138209097259
0.767082
0.767082
0.767082
0.767082
0.767082
0.767082
0.767082
0.767082
0.767082
0.767082
0.767082
0.767082
0.767082
0.767082
0.767082
0.767082
0.767082
0.767082
0.767082
0.767082
0.767082
0.767082
0.767082
0.767082
0.767082
0.767082
0.767082
0.767082
0.767082
0.767082
0.767082
0.767082
0.767082
0.767082
0.767082
0.767082
0.767082
0.767082
0.767082
0.767082
0.767082
0.767082
0.754101499758
0.496359312754
0.143990210672
0.011964479414
0.00389858987712
0.00232116860146
0.00169308318369
0.0012972800585
0.00102961333394
0.000848451408788
0.000714345942389
0.000615789450988
0.000538946621792
0.000478629504325
0.000429223930784
0.000388899718653
0.000354823395771
0.000325880631391
0.000301138857933
0.000279555253352
0.000260612645388
0.00024352491593
0.000228001083348
0.000213280993462
0.000199817248009
0.000186977555987
0.00017443874184
0.000162283160662
0.767082
0.767082
0.767082
0.767082
0.767082
0.767082
0.767082
0.767082
0.767082
0.767082
0.767082
0.767082
0.767082
0.767082
0.767082
0.767082
0.767082
0.767082
0.767082
0.767082
0.767082
0.767082
0.767082
0.767082
0.767082
0.767082
0.767082
0.767082
0.767082
0.767082
0.767082
0.767082
0.767082
0.767082
0.767082
0.767082
0.767082
0.767082
0.767082
0.767082
0.767082
0.767082
0.754465847256
0.483302757051
0.162231845241
0.0233281588758
0.00715963075388
0.00402634886124
0.00275739690422
0.00201973268231
0.00153431133501
0.00122411535458
0.00100769482663
0.000852127170556
0.000733616995234
0.000641969426788
0.000571696397414
0.000511937592683
0.000462453178984
0.000421689231471
0.000386403930849
0.000355794549432
0.000328829108145
0.000304643739185
0.000282773352782
0.000261985993182
0.000243083669648
0.000224984469102
0.000207380824477
0.000190073262465
0.767082
0.767082
0.767082
0.767082
0.767082
0.767082
0.767082
0.767082
0.767082
0.767082
0.767082
0.767082
0.767082
0.767082
0.767082
0.767082
0.767082
0.767082
0.767082
0.767082
0.767082
0.767082
0.767082
0.767082
0.767082
0.767082
0.767082
0.767082
0.767082
0.767082
0.767082
0.767082
0.767082
0.767082
0.767082
0.767082
0.767082
0.767082
0.767082
0.767082
0.767082
0.767081262555
0.755769915956
0.478479825891
0.183440391923
0.0454870231992
0.0152050354791
0.00797747933485
0.00512491553524
0.00345911029676
0.00247488178475
0.00189732921202
0.00151315836746
0.00124410362798
0.00104633560115
0.000899173958349
0.000785070748862
0.000695695416923
0.00062067235528
0.000558604328164
0.000506329380235
0.00046138616293
0.000421942123952
0.000386731444366
0.000354342114373
0.000325042604214
0.000297856091607
0.000272053041609
0.000246712205484
0.000222159819501
0.767082
0.767082
0.767082
0.767082
0.767082
0.767082
0.767082
0.767082
0.767082
0.767082
0.767082
0.767082
0.767082
0.767082
0.767082
0.767082
0.767082
0.767082
0.767082
0.767082
0.767082
0.767082
0.767082
0.767082
0.767082
0.767082
0.767082
0.767082
0.767082
0.767082
0.767082
0.767082
0.767082
0.767082
0.767082
0.767082
0.767082
0.767082
0.767082
0.767082
0.767082
0.767079525156
0.756343919927
0.487753603092
0.21753755729
0.0794589493995
0.0364329402163
0.0182370386881
0.011233724461
0.00679562059095
0.00448308451151
0.00324698788276
0.00246831337901
0.00195464028066
0.00159920214201
0.00133742364545
0.00113789572166
0.000986378358348
0.000867509049819
0.000768073241977
0.00068558107349
0.000614413436744
0.000555059276988
0.00050190502368
0.000452756428619
0.000409254406663
0.0003688943813
0.000330721772952
0.00029403848998
0.000258677479985
0.767082
0.767082
0.767082
0.767082
0.767082
0.767082
0.767082
0.767082
0.767082
0.767082
0.767082
0.767082
0.767082
0.767082
0.767082
0.767082
0.767082
0.767082
0.767082
0.767082
0.767082
0.767082
0.767082
0.767082
0.767082
0.767082
0.767082
0.767082
0.767082
0.767082
0.767082
0.767082
0.767082
0.767082
0.767082
0.767082
0.767082
0.767082
0.767082
0.767082
0.767082
0.767079117713
0.75625434962
0.508092093537
0.251780682299
0.123112796978
0.0715176834753
0.0441136364463
0.0270949581527
0.0160476952353
0.0099243754491
0.00648698185108
0.00463149416709
0.00345305684326
0.00267002798887
0.00214929101466
0.00178339518057
0.00149589290489
0.00127294227325
0.00110617722713
0.000967990438256
0.000851298276671
0.000754237525092
0.000669319313345
0.000592099131262
0.000524601160594
0.000462556755827
0.000404729346433
0.000350764152475
0.000299831461741
0.767082
0.767082
0.767082
0.767082
0.767082
0.767082
0.767082
0.767082
0.767082
0.767082
0.767082
0.767082
0.767082
0.767082
0.767082
0.767082
0.767082
0.767082
0.767082
0.767082
0.767082
0.767082
0.767082
0.767082
0.767082
0.767082
0.767082
0.767082
0.767082
0.767082
0.767082
0.767082
0.767082
0.767082
0.767082
0.767082
0.767082
0.767082
0.767082
0.767082
0.767082
0.767079455476
0.755775309629
0.525264905777
0.299763126721
0.167373474863
0.113480507721
0.0801614438387
0.0580472423064
0.0373468766636
0.0232085821311
0.0152752282229
0.0101725485744
0.00698448617703
0.00514078939386
0.00390247529787
0.00307690035978
0.00248295438111
0.00204201891182
0.00170608600941
0.00144403800998
0.00124323284886
0.00107030345661
0.000924484461291
0.000795366214097
0.000685242409428
0.000587566428219
0.000499356238065
0.000418294181718
0.000344953019307
0.767082
0.767082
0.767082
0.767082
0.767082
0.767082
0.767082
0.767082
0.767082
0.767082
0.767082
0.767082
0.767082
0.767082
0.767082
0.767082
0.767082
0.767082
0.767082
0.767082
0.767082
0.767082
0.767082
0.767082
0.767082
0.767082
0.767082
0.767082
0.767082
0.767082
0.767082
0.767082
0.767082
0.767082
0.767082
0.767082
0.767082
0.767082
0.767082
0.767082
0.767082
0.767078965918
0.755637949996
0.545906391191
0.332407968571
0.21250390001
0.160582864194
0.126185369771
0.101896690373
0.0736050099698
0.0510514056612
0.0365184769635
0.024912711338
0.0169102679315
0.0117952844155
0.00845958705404
0.00623138691326
0.0047211260915
0.00368555237618
0.00292169578036
0.00236420715967
0.00193723071619
0.00160456254166
0.0013361431471
0.0011116823497
0.000922421280079
0.000759233464195
0.000619331768038
0.000498032930872
0.00039208896529
0.767082
0.767082
0.767082
0.767082
0.767082
0.767082
0.767082
0.767082
0.767082
0.767082
0.767082
0.767082
0.767082
0.767082
0.767082
0.767082
0.767082
0.767082
0.767082
0.767082
0.767082
0.767082
0.767082
0.767082
0.767082
0.767082
0.767082
0.767082
0.767082
0.767082
0.767082
0.767082
0.767082
0.767082
0.767082
0.767082
0.767082
0.767082
0.767082
0.767082
0.767082
0.767078246675
0.755321312133
0.564714559247
0.371894899901
0.26502113151
0.207487231974
0.174537574926
0.149389210493
0.116733710422
0.0909214680696
0.0703927038537
0.0542333096597
0.0394093102214
0.0285998087035
0.0204775277895
0.0148871048698
0.0106704306578
0.00778573418385
0.00577133271846
0.00438962602066
0.00339053255503
0.00264541605932
0.00207800819204
0.00163570991795
0.00128606851954
0.00100470510973
0.000775359695787
0.000590033415988
0.000439024795347
0.767082
0.767082
0.767082
0.767082
0.767082
0.767082
0.767082
0.767082
0.767082
0.767082
0.767082
0.767082
0.767082
0.767082
0.767082
0.767082
0.767082
0.767082
0.767082
0.767082
0.767082
0.767082
0.767082
0.767082
0.767082
0.767082
0.767082
0.767082
0.767082
0.767082
0.767082
0.767082
0.767082
0.767082
0.767082
0.767082
0.767082
0.767082
0.767082
0.767082
0.767082
0.767076653236
0.755727307508
0.576819179842
0.411863106097
0.307607899769
0.263117632044
0.223183716901
0.199117964314
0.163229468322
0.134820189575
0.115275558652
0.0934606195599
0.075337055511
0.0598271401592
0.0462683594781
0.0351093227617
0.0260059668016
0.0184049969026
0.0134181962346
0.00949837466735
0.006746212548
0.00494219628668
0.00356293336552
0.00258424885835
0.00188051660451
0.00136076215925
0.000979261498583
0.000694183714737
0.000482169433207
0.767082
0.767082
0.767082
0.767082
0.767082
0.767082
0.767082
0.767082
0.767082
0.767082
0.767082
0.767082
0.767082
0.767082
0.767082
0.767082
0.767082
0.767082
0.767082
0.767082
0.767082
0.767082
0.767082
0.767082
0.767082
0.767082
0.767082
0.767082
0.767082
0.767082
0.767082
0.767082
0.767082
0.767082
0.767082
0.767082
0.767082
0.767082
0.767082
0.767082
0.767082
0.767032069507
0.757460997247
0.588322153859
0.437630117493
0.3560915844
0.308323220529
0.280732013101
0.246365608406
0.209764361014
0.182661422889
0.160931482185
0.138190586017
0.117838341121
0.0999193332646
0.0834326527623
0.0681840273112
0.054630243734
0.0417373760446
0.0312153333987
0.0223132382897
0.0154625663567
0.0103339128725
0.00670826952692
0.00447027598326
0.00290839659751
0.0018976853906
0.00124047753639
0.000805932864301
0.000515016533395
0.767082
0.767082
0.767082
0.767082
0.767082
0.767082
0.767082
0.767082
0.767082
0.767082
0.767082
0.767082
0.767082
0.767082
0.767082
0.767082
0.767082
0.767082
0.767082
0.767082
0.767082
0.767082
0.767082
0.767082
0.767082
0.767082
0.767082
0.767082
0.767082
0.767082
0.767082
0.767082
0.767082
0.767082
0.767082
0.767082
0.767082
0.767082
0.767082
0.767082
0.767082
0.766510178392
0.757853603121
0.592613285564
0.462563725472
0.395248138052
0.354155386914
0.323706889137
0.294854371666
0.256640325657
0.226131148078
0.205045546125
0.181692335067
0.161043021891
0.143019043417
0.124110910413
0.107107967163
0.0911294345331
0.075294501366
0.061137209857
0.0472043936684
0.0339667689914
0.0226272218901
0.0142270416554
0.00827032382462
0.00467065414325
0.00265947616594
0.00156464267711
0.000912156655694
0.000529593634126
0.767082
0.767082
0.767082
0.767082
0.767082
0.767082
0.767082
0.767082
0.767082
0.767082
0.767082
0.767082
0.767082
0.767082
0.767082
0.767082
0.767082
0.767082
0.767082
0.767082
0.767082
0.767082
0.767082
0.767082
0.767082
0.767082
0.767082
0.767082
0.767082
0.767082
0.767082
0.767082
0.767082
0.767082
0.767082
0.767082
0.767082
0.767082
0.767082
0.767082
0.767082
0.762543183248
0.742238090141
0.589676101308
0.483485104646
0.432068512705
0.398770828506
0.373602096549
0.340880114734
0.298884718765
0.273372394502
0.251759306767
0.226912380964
0.203771356512
0.184744723746
0.165803191076
0.148320861829
0.130280107385
0.113772512349
0.0962777609317
0.078691499299
0.0618389895108
0.0444190602667
0.0283751125571
0.0157004535544
0.00792725135954
0.00378317463094
0.00186274609687
0.000962522457805
0.000519971100723
0.767082
0.767082
0.767082
0.767082
0.767082
0.767082
0.767082
0.767082
0.767082
0.767082
0.767082
0.767082
0.767082
0.767082
0.767082
0.767082
0.767082
0.767082
0.767082
0.767082
0.767082
0.767082
0.767082
0.767082
0.767082
0.767082
0.767082
0.767082
0.767082
0.767082
0.767082
0.767082
0.767082
0.767082
0.767082
0.767082
0.767082
0.767082
0.767082
0.767082
0.767082
0.755740633056
0.716584081551
0.590106852378
0.516314244477
0.465869401686
0.437225143703
0.429936109871
0.377200557532
0.339309306634
0.311361525984
0.293477143155
0.268025312407
0.245729621201
0.225863535605
0.207198979109
0.188130956252
0.169937912717
0.152302009708
0.13322482427
0.11350544781
0.092323128107
0.0701568918036
0.0491181764003
0.0282282008356
0.0126854033043
0.00521387277453
0.00214520492529
0.000972367804328
0.000464259770955
0.767082
0.767082
0.767082
0.767082
0.767082
0.767082
0.767082
0.767082
0.767082
0.767082
0.767082
0.767082
0.767082
0.767082
0.767082
0.767082
0.767082
0.767082
0.767082
0.767082
0.767082
0.767082
0.767082
0.767082
0.767082
0.767082
0.767082
0.767082
0.767082
0.767082
0.767082
0.767082
0.767082
0.767082
0.767082
0.767082
0.767082
0.767082
0.767082
0.767082
0.767075462027
0.753551060672
0.687639709942
0.594932505622
0.542548855665
0.50167475335
0.48639443639
0.456814924242
0.408842071235
0.374552228996
0.355977285358
0.333045122141
0.306617985931
0.285315115215
0.265142847934
0.245315423189
0.226623791782
0.20737973191
0.189432077282
0.168813521347
0.146965367344
0.12345253501
0.0974821249961
0.0693392542953
0.0413793166218
0.0186607240967
0.00618639161832
0.00213029629668
0.000865689790224
0.00039962105433
0.767082
0.767082
0.767082
0.767082
0.767082
0.767082
0.767082
0.767082
0.767082
0.767082
0.767082
0.767082
0.767082
0.767082
0.767082
0.767082
0.767082
0.767082
0.767082
0.767082
0.767082
0.767082
0.767082
0.767082
0.767082
0.767082
0.767082
0.767082
0.767082
0.767082
0.767082
0.767082
0.767082
0.767082
0.767082
0.767082
0.767082
0.767082
0.767082
0.767082
0.761709868629
0.757611322483
0.673240026737
0.600523919165
0.560612913771
0.535892406769
0.544824077316
0.472604989794
0.446464185057
0.408442475272
0.39315957246
0.367172317241
0.342480377285
0.321591379963
0.300631384736
0.281618668693
0.262251898509
0.243983600162
0.222503373605
0.201504405915
0.177379660735
0.151510596791
0.121495489975
0.0881772493547
0.0530374175774
0.0219589812324
0.00656315315998
0.00193429112184
0.000725817898937
0.000305385765761
0.767082
0.767082
0.767082
0.767082
0.767082
0.767082
0.767082
0.767082
0.767082
0.767082
0.767082
0.767082
0.767082
0.767082
0.767082
0.767082
0.767082
0.767082
0.767082
0.767082
0.767082
0.767082
0.767082
0.767082
0.767082
0.767082
0.767082
0.767082
0.767082
0.767082
0.767082
0.767082
0.767082
0.767082
0.767082
0.767082
0.767082
0.767082
0.767082
0.767077303932
0.753350747043
0.732740438988
0.660427406211
0.618598854292
0.586670957861
0.575939961543
0.547879519759
0.500760787349
0.472388026401
0.446283430677
0.419231900689
0.39859873068
0.374077998242
0.354758046639
0.33362135052
0.313618192328
0.296013594938
0.275046369151
0.253143430699
0.230538414238
0.203543872311
0.173791641789
0.139468056687
0.100908723089
0.0592066918404
0.0221940408473
0.00510828833833
0.00141051134554
0.000522445135104
0.000217871573062
0.767082
0.767082
0.767082
0.767082
0.767082
0.767082
0.767082
0.767082
0.767082
0.767082
0.767082
0.767082
0.767082
0.767082
0.767082
0.767082
0.767082
0.767082
0.767082
0.767082
0.767082
0.767082
0.767082
0.767082
0.767082
0.767082
0.767082
0.767082
0.767082
0.767082
0.767082
0.767082
0.767082
0.767082
0.767082
0.767082
0.767082
0.767082
0.767082
0.758892181353
0.757263929426
0.710410039163
0.663776970719
0.632827180269
0.624015363294
0.613047742234
0.555555350063
0.530349791145
0.49662808291
0.464360610124
0.442411373341
0.427226414574
0.400082697007
0.384018285661
0.363127619017
0.344033458243
0.324022692981
0.302728756565
0.278754363313
0.252479396114
0.222881789564
0.188669540464
0.149888966155
0.105224720194
0.0577391826368
0.0180221429597
0.00351319962996
0.000986733740198
0.000345885275158
0.000147256573566
0.767082
0.767082
0.767082
0.767082
0.767082
0.767082
0.767082
0.767082
0.767082
0.767082
0.767082
0.767082
0.767082
0.767082
0.767082
0.767082
0.767082
0.767082
0.767082
0.767082
0.767082
0.767082
0.767082
0.767082
0.767082
0.767082
0.767082
0.767082
0.767082
0.767082
0.767082
0.767082
0.767082
0.767082
0.767082
0.767082
0.767082
0.767082
0.76619027185
0.752931715435
0.743230114589
0.699733287316
0.675402673093
0.658784266639
0.642564811955
0.620854593127
0.575073305842
0.549637921512
0.513749078603
0.488510256327
0.461402058248
0.451688741522
0.427883358129
0.409946417924
0.388646905519
0.369643288104
0.348259287254
0.323581330222
0.297488539849
0.267839294158
0.233686334312
0.194778726134
0.146018353428
0.0947573098783
0.0426426726559
0.00909142645398
0.00180824394479
0.000584370662788
0.00024490288452
9.56667385832e-05
0.767082
0.767082
0.767082
0.767082
0.767082
0.767082
0.767082
0.767082
0.767082
0.767082
0.767082
0.767082
0.767082
0.767082
0.767082
0.767082
0.767082
0.767082
0.767082
0.767082
0.767082
0.767082
0.767082
0.767082
0.767082
0.767082
0.767082
0.767082
0.767082
0.767082
0.767082
0.767082
0.767082
0.767082
0.767082
0.767082
0.767082
0.767026526503
0.7531716376
0.75610915864
0.726769246749
0.707981179317
0.691215186173
0.684692981797
0.662168370007
0.626400837546
0.591184727243
0.564528344375
0.535963477046
0.501595859956
0.478706807056
0.477267754823
0.45104622658
0.428029814311
0.410042152959
0.391431663117
0.364356307653
0.337591506189
0.308275298252
0.273628746327
0.234525243322
0.185522947558
0.133359884369
0.0771856516276
0.0257319081714
0.00425892397342
0.000862964798432
0.000333365610113
0.000132614961459
6.26977562022e-05
0.767082
0.767082
0.767082
0.767082
0.767082
0.767082
0.767082
0.767082
0.767082
0.767082
0.767082
0.767082
0.767082
0.767082
0.767082
0.767082
0.767082
0.767082
0.767082
0.767082
0.767082
0.767082
0.767082
0.767082
0.767082
0.767082
0.767082
0.767082
0.767082
0.767082
0.767082
0.767082
0.767082
0.767082
0.767082
0.767082
0.767077417813
0.754612477816
0.755334659983
0.744814448541
0.730912187552
0.721135600032
0.709820082418
0.697170530689
0.664122356596
0.63548400936
0.604655978683
0.575654152929
0.549209043819
0.517711470327
0.491142216907
0.50136046129
0.474991573611
0.44085970418
0.428363804061
0.404520298032
0.372436414233
0.343131855714
0.308467697575
0.268841308614
0.218948197324
0.166889704207
0.109826896147
0.0529162113189
0.00804790279681
0.00154630243463
0.000538951630835
0.000192016314565
7.97715260922e-05
4.23654166748e-05
0.767082
0.767082
0.767082
0.767082
0.767082
0.767082
0.767082
0.767082
0.767082
0.767082
0.767082
0.767082
0.767082
0.767082
0.767082
0.767082
0.767082
0.767082
0.767082
0.767082
0.767082
0.767082
0.767082
0.767082
0.767082
0.767082
0.767082
0.767082
0.767082
0.767082
0.767082
0.767082
0.767082
0.767082
0.767082
0.767078667054
0.755199430262
0.752970412924
0.755128987097
0.747226579603
0.737294147122
0.732529569228
0.719323557531
0.703049445404
0.670344269062
0.642049736527
0.615374664089
0.585246223845
0.557105511341
0.531523265386
0.510428387912
0.515940917218
0.488446941141
0.449830046332
0.437064143785
0.407288593253
0.371314444864
0.337866414153
0.296365744516
0.245937890267
0.194245391599
0.138682015502
0.0674757828752
0.0186817136628
0.00197635142761
0.000646254219316
0.00021994280842
0.000121766193148
5.23505725555e-05
2.12610056008e-05
0.767082
0.767082
0.767082
0.767082
0.767082
0.767082
0.767082
0.767082
0.767082
0.767082
0.767082
0.767082
0.767082
0.767082
0.767082
0.767082
0.767082
0.767082
0.767082
0.767082
0.767082
0.767082
0.767082
0.767082
0.767082
0.767082
0.767082
0.767082
0.767082
0.767082
0.767082
0.767082
0.767082
0.767082
0.767076872217
0.755100222976
0.751657293928
0.75382772728
0.754851588026
0.750004033842
0.748928798505
0.737533134682
0.718640415738
0.703776691449
0.676880829997
0.647190665537
0.622562094371
0.592403607327
0.563123570731
0.545085697981
0.526723091164
0.520177610537
0.492858177201
0.450501572329
0.433510971474
0.395100763542
0.358649800425
0.319729256764
0.264881871577
0.215666750028
0.147332540028
0.0874792851236
0.0216799080767
0.00381455348487
0.000655843356838
0.000323970995959
0.000125883965845
5.42826523796e-05
2.3919193313e-05
1.73146677768e-05
0.767082
0.767082
0.767082
0.767082
0.767082
0.767082
0.767082
0.767082
0.767082
0.767082
0.767082
0.767082
0.767082
0.767082
0.767082
0.767082
0.767082
0.767082
0.767082
0.767082
0.767082
0.767082
0.767082
0.767082
0.767082
0.767082
0.767082
0.767082
0.767082
0.767082
0.767082
0.767082
0.767082
0.766989344094
0.75445656051
0.750790083215
0.75105990941
0.753677539578
0.755291320766
0.753003574068
0.745476230656
0.736167128282
0.720643836494
0.703545315727
0.681413296231
0.656020038895
0.625721750086
0.59512914496
0.570493766672
0.553012486303
0.533425843271
0.518253617383
0.488949177776
0.448855383461
0.417153985604
0.375806140507
0.335981687879
0.2809288705
0.232761581922
0.161883985528
0.107641498729
0.0343732830729
0.00327902020934
0.00113356171769
0.000317258300251
0.000121834508608
5.36904335264e-05
4.47010350329e-05
2.13064070924e-05
9.27181128869e-06
0.767082
0.767082
0.767082
0.767082
0.767082
0.767082
0.767082
0.767082
0.767082
0.767082
0.767082
0.767082
0.767082
0.767082
0.767082
0.767082
0.767082
0.767082
0.767082
0.767082
0.767082
0.767082
0.767082
0.767082
0.767082
0.767082
0.767082
0.767082
0.767082
0.767082
0.767082
0.767082
0.767082
0.767082
0.767082
0.767082
0.767082
0.767082
0.767082
0.767082
0.767082
0.767082
0.767082
0.767082
0.767082
0.767082
0.767082
0.767082
0.767082
0.767082
0.767082
0.767082
0.767082
0.767082
0.767082
0.767082
0.767082
0.767082
0.767082
0.767082
0.767082
0.767082
0.767082
0.767082
0.767082
0.767082
0.767082
0.767082
0.767082
0.767082
0.767082
0.767082
0.767082
0.767082
0.767082
0.767082
0.767082
0.767082
0.767082
0.767082
0.767082
0.767082
0.767082
0.767082
0.767082
0.767082
0.767082
0.767082
0.767082
0.767082
0.767082
0.767082
0.767082
0.767082
0.767082
0.767082
0.767082
0.767082
0.767082
0.767082
0.767082
0.767082
0.767082
0.767082
0.767082
0.767082
0.767082
0.767082
0.767082
0.767082
0.767082
0.767082
0.767082
0.767082
0.767082
0.767082
0.767082
0.767082
0.767082
0.767082
0.767082
0.767082
0.767082
0.767082
0.767082
0.767082
0.767082
0.767082
0.767082
0.767082
0.767082
0.767082
0.767082
0.767082
0.767082
0.767082
0.767082
0.767082
0.767082
0.767082
0.767082
0.767082
0.767082
0.767082
0.767082
0.767082
0.767082
0.767082
0.767082
0.767082
0.767082
0.767082
0.767082
0.767082
0.767082
0.767082
0.767082
0.767082
0.767082
0.767082
0.767082
0.767082
0.767082
0.767082
0.767082
0.767082
0.767082
0.767082
0.767082
0.767082
0.767082
0.767082
0.767082
0.767082
0.767082
0.767082
0.767082
0.767082
0.767082
0.767082
0.767082
0.767082
0.767082
0.767082
0.767082
0.767082
0.767082
0.767082
0.767082
0.767082
0.767082
0.767082
0.767082
0.767082
0.767082
0.767082
0.767082
0.767082
0.767082
0.767082
0.767082
0.767082
0.767082
0.767082
0.767082
0.767082
0.767082
0.767082
0.767082
0.767082
0.767082
0.767082
0.767082
0.767082
0.767082
0.767082
0.767082
0.767082
0.767082
0.767082
0.767082
0.767082
0.767082
0.767082
0.767082
0.767082
0.767082
0.767082
0.767082
0.767082
0.767082
0.767082
0.767082
0.767082
0.767082
0.767082
0.767082
0.767082
0.767082
0.767082
0.767082
0.767082
0.767082
0.767082
0.767082
0.767082
0.767082
0.767082
0.767082
0.767082
0.767082
0.767082
0.767082
0.767082
0.767082
0.767082
0.767082
0.767082
0.767082
0.767082
0.767082
0.767082
0.767082
0.767082
0.767082
0.767082
0.767082
0.767082
0.767082
0.767082
0.767082
0.767082
0.767082
0.767082
0.767082
0.767082
0.767082
0.767082
0.767082
0.767082
0.767082
0.767082
0.767082
0.767082
0.767082
0.767082
0.767082
0.767082
0.767082
0.767082
0.767082
0.767082
0.767082
0.767082
0.767082
0.767082
0.767082
0.767082
0.767082
0.767082
0.767082
0.767082
0.767082
0.767082
0.767082
0.767082
0.767082
0.767082
0.767082
0.767082
0.767082
0.767082
0.767082
0.767082
0.767082
0.767082
0.767082
0.767082
0.767082
0.767082
0.767082
0.767082
0.767082
0.767082
0.767082
0.767082
0.767082
0.767082
0.767082
0.767082
0.767082
0.767082
0.767082
0.767082
0.767082
0.767082
0.767082
0.767082
0.767082
0.767082
0.767082
0.767082
0.767082
0.767082
0.767082
0.767082
0.767082
0.767082
0.767082
0.767082
0.767082
0.767082
0.767082
0.767082
0.767082
0.767082
0.767082
0.767082
0.767082
0.767082
0.767082
0.767082
0.767082
0.767082
0.767082
0.767082
0.767082
0.767082
0.767082
0.767082
0.767082
0.767082
0.767082
0.767082
0.767082
0.767082
0.767082
0.767082
0.767082
0.767082
0.767082
0.767082
0.767082
0.767082
0.767082
0.767082
0.767082
0.767082
0.767082
0.767082
0.767082
0.767082
0.767082
0.767082
0.767082
0.767082
0.767082
0.767082
0.767082
0.767082
0.767082
0.767082
0.767082
0.767082
0.767082
0.767082
0.767082
0.767082
0.767082
0.767082
0.767082
0.767082
0.767082
0.767082
0.767082
0.767082
0.767082
0.767082
0.767082
0.767082
0.767082
0.767082
0.767082
0.767082
0.767082
0.767082
0.767082
0.767082
0.767082
0.767082
0.767082
0.767082
0.767082
0.767082
0.767082
0.767082
0.767082
0.767082
0.767082
0.767082
0.767082
0.767082
0.767082
0.767082
0.767082
0.767082
0.767082
0.767082
0.767082
0.767082
0.767082
0.767082
0.767082
0.767082
0.767082
0.767082
0.767082
0.767082
0.767082
0.767082
0.767082
0.767082
0.767082
0.767082
0.767082
0.767082
0.767082
0.767082
0.767082
0.767082
0.767082
0.767082
0.767082
0.767082
0.767082
0.767082
0.767082
0.767082
0.767082
0.767082
0.767082
0.767082
0.767082
0.767082
0.767082
0.767082
0.767082
0.767082
0.767082
0.767082
0.767082
0.767082
0.767082
0.767082
0.767082
0.767082
0.767082
0.767082
0.767082
0.767082
0.767082
0.767082
0.767082
0.767082
0.767082
0.767082
0.767082
0.767082
0.767082
0.767082
0.767082
0.767082
0.767082
0.767082
0.767082
0.767082
0.767082
0.767082
0.767082
0.767082
0.767082
0.767082
0.767082
0.767082
0.767082
0.767082
0.767082
0.767082
0.767082
0.767082
0.767082
0.767082
0.767082
0.767082
0.767082
0.767082
0.767082
0.767082
0.767082
0.767082
0.767082
0.767082
0.767082
0.767082
0.767082
0.767082
0.767082
0.767082
0.767082
0.767082
0.767082
0.767082
0.767082
0.767082
0.767082
0.767082
0.767082
0.767082
0.767082
0.767082
0.767082
0.767082
0.767082
0.767082
0.767082
0.767082
0.767082
0.767082
0.767082
0.767082
0.767082
0.767082
0.767082
0.767082
0.767082
0.767082
0.767082
0.767082
0.767082
0.767082
0.767082
0.767082
0.767082
0.767082
0.767082
0.767082
0.767082
0.767082
0.767082
0.767082
0.767082
0.767082
0.767082
0.767082
0.767082
0.767082
0.767082
0.767082
0.767082
0.767082
0.767082
0.767082
0.767082
0.767082
0.767082
0.767082
0.767082
0.767082
0.767082
0.767082
0.767082
0.767082
0.767082
0.767082
0.767082
0.767082
0.767082
0.767082
0.767082
0.767082
0.767082
0.767082
0.767082
0.767082
0.767082
0.767082
0.767082
0.767082
0.767082
0.767082
0.767082
0.767082
0.767082
0.767082
0.767082
0.767082
0.767082
0.767082
0.767082
0.767082
0.767082
0.767082
0.767082
0.767082
0.767082
0.767082
0.767082
0.767082
0.767082
0.767082
0.767082
0.767082
0.767082
0.767082
0.767082
0.767082
0.767082
0.767082
0.767082
0.767082
0.767082
0.767082
0.767082
0.767082
0.767082
0.767082
0.767082
0.767082
0.767082
0.767082
0.767082
0.767082
0.767082
0.767082
0.767082
0.767082
0.767082
0.767082
0.767082
0.767082
0.767082
0.767082
0.767082
0.767082
0.767082
0.767082
0.767082
0.767082
0.767082
0.767082
0.767082
0.767082
0.767082
0.767082
0.767082
0.767082
0.767082
0.767082
0.767082
0.767082
0.767082
0.767082
0.767082
0.767082
0.767082
0.767082
0.767082
0.767082
0.767082
0.767082
0.767082
0.767082
0.767082
0.767082
0.767082
0.767082
0.767082
0.767082
0.767082
0.767082
0.767082
0.767082
0.767082
0.767082
0.767082
0.767082
0.767082
0.767082
0.767082
0.767082
0.767082
0.767082
0.767082
0.767082
0.767082
0.767082
0.767082
0.767082
0.767082
0.767082
0.767082
0.767082
0.767082
0.767082
0.767082
0.767082
0.767082
0.767082
0.767082
0.767082
0.767082
0.767082
0.767082
0.767082
0.767082
0.767082
0.767082
0.767082
0.767082
0.767082
0.767082
0.767082
0.767082
0.767082
0.767082
0.767082
0.767082
0.767082
0.767082
0.767082
0.767082
0.767082
0.767082
0.767082
0.767082
0.767082
0.767082
0.767082
0.767082
0.767082
0.767082
0.767082
0.767082
0.767082
0.767082
0.767082
0.767082
0.767082
0.767082
0.767082
0.767082
0.767082
0.767082
0.767082
0.767082
0.767082
0.767082
0.767082
0.767082
0.767082
0.767082
0.767082
0.767082
0.767082
0.767082
0.767082
0.767082
0.767082
0.767082
0.767082
0.767082
0.767082
0.767082
0.767082
0.767082
0.767082
0.767082
0.767082
0.767082
0.767082
0.767082
0.767082
0.767082
0.767082
0.767082
0.767082
0.767082
0.767082
0.767082
0.767082
0.767082
0.767082
0.767082
0.767082
0.767082
0.767082
0.767082
0.767082
0.767082
0.767082
0.767082
0.767082
0.767082
0.767082
0.767082
0.767082
0.767082
0.767082
0.767082
0.767082
0.767082
0.767082
0.767082
0.767082
0.767082
0.767082
0.767082
0.767082
0.767082
0.767082
0.767082
0.767082
0.767082
0.767082
0.767082
0.767082
0.767082
0.767082
0.767082
0.767082
0.767082
0.767082
0.767082
0.767082
0.767082
0.767082
0.767082
0.767082
0.767082
0.767082
0.767082
0.767082
0.767082
0.767082
0.767082
0.767082
0.767082
0.767082
0.767082
0.767082
0.767082
0.767082
0.767082
0.767082
0.767082
0.767082
0.767082
0.767082
0.767082
0.767082
0.767082
0.767082
0.767082
0.767082
0.767082
0.767082
0.767082
0.767082
0.767082
0.767082
0.767082
0.767082
0.767082
0.767082
0.767082
0.767082
0.767082
0.767082
0.767082
0.767082
0.767082
0.767082
0.767082
0.767082
0.767082
0.767082
0.767082
0.767082
0.767082
0.767082
0.767082
0.767082
0.767082
0.767082
0.767082
0.767082
0.767082
0.767082
0.767082
0.767082
0.767082
0.767082
0.767082
0.767082
0.767082
0.767082
0.767082
0.767082
0.767082
0.767082
0.767082
0.767082
0.767082
0.767082
0.767082
0.767082
0.767082
0.767082
0.767082
0.767082
0.767082
0.767082
0.767082
0.767082
0.767082
0.767082
0.767082
0.767082
0.767082
0.767082
0.767082
0.767082
0.767082
0.767082
0.767082
0.767082
0.767082
0.767082
0.767082
0.767082
0.767082
0.767082
0.767082
0.767082
0.767082
0.767082
0.767082
0.767082
0.767082
0.767082
0.767082
0.767082
0.767082
0.767082
0.767082
0.767082
0.767082
0.767082
0.767082
0.767082
0.767082
0.767082
0.767082
0.767082
0.767082
0.767082
0.767082
0.767082
0.767082
0.767082
0.767082
0.767082
0.767082
0.767082
0.767082
0.767082
0.767082
0.767082
0.767082
0.767082
0.767082
0.767082
0.767082
0.767082
0.767082
0.767082
0.767082
0.767082
0.767082
0.767082
0.767082
0.767082
0.767082
0.767082
0.767082
0.767082
0.767082
0.767082
0.767082
0.767082
0.767082
0.767082
0.767082
0.767082
0.767082
0.767082
0.767082
0.767082
0.767082
0.767082
0.767082
0.767082
0.767082
0.767082
0.767082
0.767082
0.767082
0.767082
0.767082
0.767082
0.767082
0.767082
0.767082
0.767082
0.767082
0.767082
0.767082
0.767082
0.767082
0.767082
0.767082
0.767082
0.767082
0.767082
0.767082
0.767082
0.767082
0.767082
0.767082
0.767082
0.767082
0.767082
0.767082
0.767082
0.767082
0.767082
0.767082
0.767082
0.767082
0.767082
0.767082
0.767082
0.767082
0.767082
0.767082
0.767082
0.767082
0.767082
0.767082
0.767082
0.767082
0.767082
0.767082
0.767082
0.767082
0.767082
0.767082
0.767082
0.767082
0.767082
0.767082
0.767082
0.767082
0.767082
0.767082
0.767082
0.767082
0.767082
0.767082
0.767082
0.767082
0.767082
0.767082
0.767082
0.767082
0.767082
0.767082
0.767082
0.767082
0.767082
0.767082
0.767082
0.767082
0.767082
0.767082
0.767082
0.767082
0.767082
0.767082
0.767082
0.767082
0.767082
0.767082
0.767082
0.767082
0.767082
0.767082
0.767082
0.767082
0.767082
0.767082
0.767082
0.767082
0.767082
0.767082
0.767082
0.767082
0.767082
0.767082
0.767082
0.767082
0.767082
0.767082
0.767082
0.767082
0.767082
0.767082
0.767082
0.767082
0.767082
0.767082
0.767082
0.767082
0.767082
0.767082
0.767082
0.767082
0.767082
0.767082
0.767082
0.767082
0.767082
0.767082
0.767082
0.767082
0.767082
0.767082
0.767082
0.767082
0.767082
0.767082
0.767082
0.767082
0.767082
0.767082
0.767082
0.767082
0.767082
0.767082
0.767082
0.767082
0.767082
0.767082
0.767082
0.767082
0.767082
0.767082
0.767082
0.767082
0.767082
0.767082
0.767082
0.767082
0.767082
0.767082
0.767082
0.767082
0.767082
0.767082
0.767082
0.767082
0.767082
0.767082
0.767082
0.767082
0.767082
0.767082
0.767082
0.767082
0.767082
0.767082
0.767082
0.767082
0.767082
0.767082
0.767082
0.767082
0.767082
0.767082
0.767082
0.767082
0.767082
0.767082
0.767082
0.767082
0.767082
0.767082
0.767082
0.767082
0.767082
0.767082
0.767082
0.767082
0.767082
0.767082
0.767082
0.767082
0.767082
0.767082
0.767082
0.767082
0.767082
0.767082
0.767082
0.767082
0.767082
0.767082
0.767082
0.767082
0.767082
0.767082
0.767082
0.767082
0.767082
0.767082
0.767082
0.767082
0.767082
0.767082
0.767082
0.767082
0.767082
0.767082
0.767082
0.767082
0.767082
0.767082
0.767082
0.767082
0.767082
0.767082
0.767082
0.767082
0.767082
0.767082
0.767082
0.767082
0.767082
0.767082
0.767082
0.767082
0.767082
0.767082
0.767082
0.767082
0.767082
0.767082
0.767082
0.767082
0.767082
0.767082
0.767082
0.767082
0.767082
0.767082
0.767082
0.767082
0.767082
0.767082
0.767082
0.767082
0.767082
0.767082
0.767082
0.767082
0.767082
0.767082
0.767082
0.767082
0.767082
0.767082
0.767082
0.767082
0.767082
0.767082
0.767082
0.767082
0.767082
0.767082
0.767082
0.767082
0.767082
0.767082
0.767082
0.767082
0.767082
0.767082
0.767082
0.767082
0.767082
0.767082
0.767082
0.767082
0.767082
0.767082
0.767082
0.767082
0.767082
0.767082
0.767082
0.767082
0.767082
0.767082
0.767082
0.767082
0.767082
0.767082
0.767082
0.767082
0.767082
0.767082
0.767082
0.767082
0.767082
0.767082
0.767082
0.767082
0.767082
0.767082
0.767082
0.767082
0.767082
0.767082
0.767082
0.767082
0.767082
0.767082
0.767082
0.767082
0.767082
0.767082
0.767082
0.767082
0.767082
0.767082
0.767082
0.767082
0.767082
0.767082
0.767082
0.767082
0.767082
0.767082
0.767082
0.767082
0.767082
0.767082
0.767082
0.767082
0.767082
0.767082
0.767082
0.767082
0.767082
0.767082
0.767082
0.767082
0.767082
0.767082
0.767082
0.767082
0.767082
0.767082
0.767082
0.767082
0.767082
0.767082
0.767082
0.767082
0.767082
0.767082
0.767082
0.767082
0.767082
0.767082
0.767082
0.767082
0.767082
0.767082
0.767082
0.767082
0.767082
0.767082
0.767082
0.767082
0.767082
0.767082
0.767082
0.767082
0.767082
0.767082
0.767082
0.767082
0.767082
0.767082
0.767082
0.767082
0.767082
0.767082
0.767082
0.767082
0.767082
0.767082
0.767082
0.767082
0.767082
0.767082
0.767082
0.767082
0.767082
0.767082
0.767082
0.767082
0.767082
0.767082
0.767082
0.767082
0.767082
0.767082
0.767082
0.767082
0.767082
0.767082
0.767082
0.767082
0.767082
0.767082
0.767082
0.767082
0.767082
0.767082
0.767082
0.767082
0.767082
0.767082
0.767082
0.767082
0.767082
0.767082
0.767082
0.767082
0.767082
0.767082
0.767082
0.767082
0.767082
0.767082
0.767082
0.767082
0.767082
0.767082
0.767082
0.767082
0.767082
0.767082
0.767082
0.767082
0.767082
0.767082
0.767082
0.767082
0.767082
0.767082
0.767082
0.767082
0.767082
0.767082
0.767082
0.767082
0.767082
0.767082
0.767082
0.767082
0.767082
0.767082
0.767082
0.767082
0.767082
0.767082
0.767082
0.767082
0.767082
0.767082
0.767082
0.767082
0.767082
0.767082
0.767082
0.767082
0.767082
0.767082
0.767082
0.767082
0.767082
0.767082
0.767082
0.767082
0.767082
0.767082
0.767082
0.767082
0.767082
0.767082
0.767082
0.767082
0.767082
0.767082
0.767082
0.767082
0.767082
0.767082
0.767082
0.767082
0.767082
0.767082
0.767082
0.767082
0.767082
0.767082
0.767082
0.767082
0.767082
0.767082
0.767082
0.767082
0.767082
0.767082
0.767082
0.767082
0.767082
0.767082
0.767082
0.767082
0.767082
0.767082
0.767082
0.767082
0.767082
0.767082
0.767082
0.767082
0.767082
0.767082
0.767082
0.767082
0.767082
0.767082
0.767082
0.767082
0.767082
0.767082
0.767082
0.767082
0.767082
0.767082
0.767082
0.767082
0.767082
0.767082
0.767082
0.767082
0.767082
0.767082
0.767082
0.767082
0.767082
0.767082
0.767082
0.767082
0.767082
0.767082
0.767082
0.767082
0.767082
0.767082
0.767082
0.767082
0.767082
0.767082
0.767082
0.767082
0.767082
0.767082
0.767082
0.767082
0.767082
0.767082
0.767082
0.767082
0.767082
0.767082
0.767082
0.767082
0.767082
0.767082
0.767082
0.767082
0.767082
0.767082
0.767082
0.767082
0.767082
0.767082
0.767082
0.767082
0.767082
0.767082
0.767082
0.767082
0.767082
0.767082
0.767082
0.767082
0.767082
0.767082
0.767082
0.767082
0.767082
0.767082
0.767082
0.767082
0.767082
0.767082
0.767082
0.767082
0.767082
0.767082
0.767082
0.767082
0.767082
0.767082
0.767082
0.767082
0.767082
0.767082
0.767082
0.767082
0.767082
0.767082
0.767082
0.767082
0.767082
0.767082
0.767082
0.767082
0.767082
0.767082
0.767082
0.767082
0.767082
0.767082
0.767082
0.767082
0.767082
0.767082
0.767082
0.767082
0.767082
0.767082
0.767082
0.767082
0.767082
0.767082
0.767082
0.767082
0.767082
0.767082
0.767082
0.767082
0.767082
0.767082
0.767082
0.767082
0.767082
0.767082
0.767082
0.767082
0.767082
0.767082
0.767082
0.767082
0.767082
0.767082
0.767082
0.767082
0.767082
0.767082
0.767082
0.767082
0.767082
0.767082
0.767082
0.767082
0.767082
0.767082
0.767082
0.767082
0.767082
0.767082
0.767082
0.767082
0.767082
0.767082
0.767082
0.767082
0.767082
0.767082
0.767082
0.767082
0.767082
0.767082
0.767082
0.767082
0.767082
0.767082
0.767082
0.767082
0.767082
0.767082
0.767082
0.767082
0.767082
0.767082
0.767082
0.767082
0.767082
0.767082
0.767082
0.767082
0.767082
0.767082
0.767082
0.767082
0.767082
0.767082
0.767082
0.767082
0.767082
0.767082
0.767082
0.767082
0.767082
0.767082
0.767082
0.767082
0.767082
0.767082
0.767082
0.767082
0.767082
0.767082
0.767082
0.767082
0.767082
0.767082
0.767082
0.767082
0.767082
0.767082
0.767082
0.767082
0.767082
0.767082
0.767082
0.767082
0.767082
0.767082
0.767082
0.767082
0.767082
0.767082
0.767082
0.767082
0.767082
0.767082
0.767082
0.767082
0.767082
0.767082
0.767082
0.767082
0.767082
0.767082
0.767082
0.767082
0.767082
0.767082
0.767082
0.767082
0.767082
0.767082
0.767082
0.767082
0.767082
0.767082
0.767082
0.767082
0.767082
0.767082
0.767082
0.767082
0.767082
0.767082
0.767082
0.767082
0.767082
0.767082
0.767082
0.767082
0.767082
0.767082
0.767082
0.767082
0.767082
0.767082
0.767082
0.767082
0.767082
0.767082
0.767082
0.767082
0.767082
0.767082
0.767082
0.767082
0.767082
0.767082
0.767082
0.767082
0.767082
0.767082
0.767082
0.767082
0.767082
0.767082
0.767082
0.767082
0.767082
0.767082
0.767082
0.767082
0.767082
0.767082
0.767082
0.767082
0.767082
0.767082
0.767082
0.767082
0.767082
0.767082
0.767082
0.767082
0.767082
0.767082
0.767082
0.767082
0.767082
0.767082
0.767082
0.767082
0.767082
0.767082
0.767082
0.767082
0.767082
0.767082
0.767082
0.767082
0.767082
0.767082
0.767082
0.767082
0.767082
0.767082
0.767082
0.767082
0.767082
0.767082
0.767082
0.767082
0.767082
0.767082
0.767082
0.767082
0.767082
0.767082
0.767082
0.767082
0.767082
0.767082
0.767082
0.767082
0.767082
0.767082
0.767082
0.767082
0.767082
0.767082
0.767082
0.767082
0.767082
0.767082
0.767082
0.767082
0.767082
0.767082
0.767082
0.767082
0.767082
0.767082
0.767082
0.767082
0.767082
0.767082
0.767082
0.767082
0.767082
0.767082
0.767082
0.767082
0.767082
0.767082
0.767082
0.767082
0.767082
0.767082
0.767082
0.767082
0.767082
0.767082
0.767082
0.767082
0.767082
0.767082
0.767082
0.767082
0.767082
0.767082
0.767082
0.767082
0.767082
0.767082
0.767082
0.767082
0.767082
0.767082
0.767082
0.767082
0.767082
0.767082
0.767082
0.767082
0.767082
0.767082
0.767082
0.767082
0.767082
0.767082
0.767082
0.767082
0.767082
0.767082
0.767082
0.767082
0.767082
0.767082
0.767082
0.767082
0.767082
0.767082
0.767082
0.767082
0.767082
0.767082
0.767082
0.767082
0.767082
0.767082
0.767082
0.767082
0.767082
0.767082
0.767082
0.767082
0.767082
0.767082
0.767082
0.767082
0.767082
0.767082
0.767082
0.767082
0.767082
0.767082
0.767082
0.767082
0.767082
0.767082
0.767082
0.767082
0.767082
0.767082
0.767082
0.767082
0.767082
0.767082
0.767082
0.767082
0.767082
0.767082
0.767082
0.767082
0.767082
0.767082
0.767082
0.767082
0.767082
0.767082
0.767082
0.767082
0.767082
0.767082
0.767082
0.767082
0.767082
0.767082
0.767082
0.767082
0.767082
0.767082
0.767082
0.767082
0.767082
0.767082
0.767082
0.767082
0.767082
0.767082
0.767082
0.767082
0.767082
0.767082
0.767082
0.767082
0.767082
0.767082
0.767082
0.767082
0.767082
0.767082
0.767082
0.767082
0.767082
0.767082
0.767082
0.767082
0.767082
0.767082
0.767082
0.767082
0.767082
0.767082
0.767082
0.767082
0.767082
0.767082
0.767082
0.767082
0.767082
0.767082
0.767082
0.767082
0.767082
0.767082
0.767082
0.767082
0.767082
0.767082
0.767082
0.767082
0.767082
0.767082
0.767082
0.767082
0.767082
0.767082
0.767082
0.767082
0.767082
0.767082
0.767082
0.767082
0.767082
0.767082
0.767082
0.767082
0.767082
0.767082
0.767082
0.767082
0.767082
0.767082
0.767082
0.767082
0.767082
0.767082
0.767082
0.767082
0.767082
0.767082
0.767082
0.767082
0.767082
0.767082
0.767082
0.767082
0.767082
0.767082
0.767082
0.767082
0.767082
0.767082
0.767082
0.767082
0.767082
0.767082
0.767082
0.767082
0.767082
0.767082
0.767082
0.767082
0.767082
0.767082
0.767082
0.767082
0.767082
0.767082
0.767082
0.767082
0.767082
0.767082
0.767082
0.767082
0.767082
0.767082
0.767082
0.767082
0.767082
0.767082
0.767082
0.767082
0.767082
0.767082
0.767082
0.767082
0.767082
0.767082
0.767082
0.767082
0.767082
0.767082
0.767082
0.767082
0.767082
0.767082
0.767082
0.767082
0.767082
0.767082
0.767082
0.767082
0.767082
0.767082
0.767082
0.767082
0.767082
0.767082
0.767082
0.767082
0.767082
0.767082
0.767082
0.767082
0.767082
0.767082
0.767082
0.767082
0.767082
0.767082
0.767082
0.767082
0.767082
0.767082
0.767082
0.767082
0.767082
0.767082
0.767082
0.767082
0.767082
0.767082
0.767082
0.767082
0.767082
0.767082
0.767082
0.767082
0.767082
0.767082
0.767082
0.767082
0.767082
0.767082
0.767082
0.767082
0.767082
0.767082
0.767082
0.767082
0.767082
0.767082
0.767082
0.767082
0.767082
0.767082
0.767082
0.767082
0.767082
0.767082
0.767082
0.767082
0.767082
0.767082
0.767082
0.767082
0.767082
0.767082
0.767082
0.767082
0.767082
0.767082
0.767082
0.767082
0.767082
0.767082
0.767082
0.767082
0.767082
0.767082
0.767082
0.767082
0.767082
0.767082
0.767082
0.767082
0.767082
0.767082
0.767082
0.767082
0.767082
0.767082
0.767082
0.767082
0.767082
0.767082
0.767082
0.767082
0.767082
0.767082
0.767082
0.767082
0.767082
0.767082
0.767082
0.767082
0.767082
0.767082
0.767082
0.767082
0.767082
0.767082
0.767082
0.767082
0.767082
0.767082
0.767082
0.767082
0.767082
0.767082
0.767082
0.767082
0.767082
0.767082
0.767082
0.767082
0.767082
0.767082
0.767082
0.767082
0.767082
0.767082
0.767082
0.767082
0.767082
0.767082
0.767082
0.767082
0.767082
0.767082
0.767082
0.767082
0.767082
0.767082
0.767082
0.767082
0.767082
0.767082
0.767082
0.767082
0.767082
0.767082
0.767082
0.767082
0.767082
0.767082
0.767082
0.767082
0.767082
0.767082
0.767082
0.767082
0.767082
0.767082
0.767082
0.767082
0.767082
0.767082
0.767082
0.767082
0.767082
0.767082
0.767082
0.767082
0.767082
0.767082
0.767082
0.767082
0.767082
0.767082
0.767082
0.767082
0.767082
0.767082
0.767082
0.767082
0.767082
0.767082
0.767082
0.767082
0.767082
0.767082
0.767082
0.767082
0.767082
0.767082
0.767082
0.767082
0.767082
0.767082
0.767082
0.767082
0.767082
0.767082
0.767082
0.767082
0.767082
0.767082
0.767082
0.767082
0.767082
0.767082
0.767082
0.767082
0.767082
0.767082
0.767082
0.767082
0.767082
0.767082
0.767082
0.767082
0.767082
0.767082
0.767082
0.767082
0.767082
0.767082
0.767082
0.767082
0.767082
0.767082
0.767082
0.767082
0.767082
0.767082
0.767082
0.767082
0.767082
0.767082
0.767082
0.767082
0.767082
0.767082
0.767082
0.767082
0.767082
0.767082
0.767082
0.767082
0.767082
0.767082
0.767082
0.767082
0.767082
0.767082
0.767082
0.767082
0.767082
0.767082
0.767082
0.767082
0.767082
0.767082
0.767082
0.767082
0.767082
0.767082
0.767082
0.767082
0.767082
0.767082
0.767082
0.767082
0.767082
0.767082
0.767082
0.767082
0.767082
0.767082
0.767082
0.767082
0.767082
0.767082
0.767082
0.767082
0.767082
0.767082
0.767082
0.767082
0.767082
0.767082
0.767082
0.767082
0.767082
0.767082
0.767082
0.767082
0.767082
0.767082
0.767082
0.767082
0.767082
0.767082
0.767082
0.767082
0.767082
0.767082
0.767082
0.767082
0.767082
0.767082
0.767082
0.767082
0.767082
0.767082
0.767082
0.767082
0.767082
0.767082
0.767082
0.767082
0.767082
0.767082
0.767082
0.767082
0.767082
0.767082
0.767082
0.767082
0.767082
0.767082
0.767082
0.767082
0.767082
0.767082
0.767082
0.767082
0.767082
0.767082
0.767082
0.767082
0.767082
0.767082
0.767082
0.767082
0.767082
0.767082
0.767082
0.767082
0.767082
0.767082
0.767082
0.767082
0.767082
0.767082
0.767082
0.767082
0.767082
0.767082
0.767082
0.767082
0.767082
0.767082
0.767082
0.767082
0.767082
0.767082
0.767082
0.767082
0.767082
0.767082
0.767082
0.767082
0.767082
0.767082
0.767082
0.767082
0.767082
0.767082
0.767082
0.767082
0.767082
0.767082
0.767082
0.767082
0.767082
0.767082
0.767082
0.767082
0.767082
0.767082
0.767082
0.767082
0.767082
0.767082
0.767082
0.767082
0.767082
0.767082
0.767082
0.767082
0.767082
0.767082
0.767082
0.767082
0.767082
0.767082
0.767082
0.767082
0.767082
0.767082
0.767082
0.767082
0.767082
0.767082
0.767082
0.767082
0.767082
0.767082
0.767082
0.767082
0.767082
0.767082
0.767082
0.767082
0.767082
0.767082
0.767082
0.767082
0.767082
0.767082
0.767082
0.767082
0.767082
0.767082
0.767082
0.767082
0.767082
0.767082
0.767082
0.767082
0.767082
0.767082
0.767082
0.767082
0.767082
0.767082
0.767082
0.767082
0.767082
0.767082
0.767082
0.767082
0.767082
0.767082
0.767082
0.767082
0.767082
0.767082
0.767082
0.767082
0.767082
0.767082
0.767082
0.767082
0.767082
0.767082
0.767082
0.767082
0.767082
0.767082
0.767082
0.767082
0.767082
0.767082
0.767082
0.767082
0.767082
0.767082
0.767082
0.767082
0.767082
0.767082
0.767082
0.767082
0.767082
0.767082
0.767082
0.767082
0.767082
0.767082
0.767082
0.767082
0.767082
0.767082
0.767082
0.767082
0.767082
0.767082
0.767082
0.767082
0.767082
0.767082
0.767082
0.767082
0.767082
0.767082
0.767082
0.767082
0.767082
0.767082
0.767082
0.767082
0.767082
0.767082
0.767082
0.767082
0.767082
0.767082
0.767082
0.767082
0.767082
0.767082
0.767082
0.767082
0.767082
0.767082
0.767082
0.767082
0.767082
0.767082
0.767082
0.767082
0.767082
0.767082
0.767082
0.767082
0.767082
0.767082
0.767082
0.767082
0.767082
0.767082
0.767082
0.767082
0.767082
0.767082
0.767082
0.767082
0.767082
0.767082
0.767082
0.767082
0.767082
0.767082
0.767082
0.767082
0.767082
0.767082
0.767082
0.767082
0.767082
0.767082
0.767082
0.767082
0.767082
0.767082
0.767082
0.767082
0.767082
0.767082
0.767082
0.767082
0.767082
0.767082
0.767082
0.767082
0.767082
0.767082
0.767082
0.767082
0.767082
0.767082
0.767082
0.767082
0.767082
0.767082
0.767082
0.767082
0.767082
0.767082
0.767082
0.767082
0.767082
0.767082
0.767082
0.767082
0.767082
0.767082
0.767082
0.767082
0.767082
0.767082
0.767082
0.767082
0.767082
0.767082
0.767082
0.767082
0.767082
0.767082
0.767082
0.767082
0.767082
0.767082
0.767082
0.767082
0.767082
0.767082
0.767082
0.767082
0.767082
0.767082
0.767082
0.767082
0.767082
0.767082
0.767082
0.767082
0.767082
0.767082
0.767082
0.767082
0.767082
0.767082
0.767082
0.767082
0.767082
0.767082
0.767082
0.767082
0.767082
0.767082
0.767082
0.767082
0.767082
0.767082
0.767082
0.767082
0.767082
0.767082
0.767082
0.767082
0.767082
0.767082
0.767082
0.767082
0.767082
0.767082
0.767082
0.767082
0.767082
0.767082
0.767082
0.767082
0.767082
0.767082
0.767082
0.767082
0.767082
0.767082
0.767082
0.767082
0.767082
0.767082
0.767082
0.767082
0.767082
0.767082
0.767082
0.767082
0.767082
0.767082
0.767082
0.767082
0.767082
0.767082
0.767082
0.767082
0.767082
0.767082
0.767082
0.767082
0.767082
0.767082
0.767082
0.767082
0.767082
0.767082
0.767082
0.767082
0.767082
0.767082
0.767082
0.767082
0.767082
0.767082
0.767082
0.767082
0.767082
0.767082
0.767082
0.767082
0.767082
0.767082
0.767082
0.767082
0.767082
0.767082
0.767082
0.767082
0.767082
0.767082
0.767082
0.767082
0.767082
0.767082
0.767082
0.767082
0.767082
0.767082
0.767082
0.767082
0.767082
0.767082
0.767082
0.767082
0.767082
0.767082
0.767082
0.767082
0.767082
0.767082
0.767082
0.767082
0.767082
0.767082
0.767082
0.767082
0.767082
0.767082
0.767082
0.767082
0.767082
0.767082
0.767082
0.767082
0.767082
0.767082
0.767082
0.767082
0.767082
0.767082
0.767082
0.767082
0.767082
0.767082
0.767082
0.767082
0.767082
0.767082
0.767082
0.767082
0.767082
0.767082
0.767082
0.767082
0.767082
0.767082
0.767082
0.767082
0.767082
0.767082
0.767082
0.767082
0.767082
0.767082
0.767082
0.767082
0.767082
0.767082
0.767082
0.767082
0.767082
0.767082
0.767082
0.767082
0.767082
0.767082
0.767082
0.767082
0.767082
0.767082
0.767082
0.767082
0.767082
0.767082
0.767082
0.767082
0.767082
0.767082
0.767082
0.767082
0.767082
0.767082
0.767082
0.767082
0.767082
0.767082
0.767082
0.767082
0.767082
0.767082
0.767082
0.767082
0.767082
0.767082
0.767082
0.767082
0.767082
0.767082
0.767082
0.767082
0.767082
0.767082
0.767082
0.767082
0.767082
0.767082
0.767082
0.767082
0.767082
0.767082
0.767082
0.767082
0.767082
0.767082
0.767082
0.767082
0.767082
0.767082
0.767082
0.767082
0.767082
0.767082
0.767082
0.767082
0.767082
0.767082
0.767082
0.767082
0.767082
0.767082
0.767082
0.767082
0.767082
0.767082
0.767082
0.767082
0.767082
0.767082
0.767082
0.767082
0.767082
0.767082
0.767082
0.767082
0.767082
0.767082
0.767082
0.767082
0.767082
0.767082
0.767082
0.767082
0.767082
0.767082
0.767082
0.767082
0.767082
0.767082
0.767082
0.767082
0.767082
0.767082
0.767082
0.767082
0.767082
0.767082
0.767082
0.767082
0.767082
0.767082
0.767082
0.767082
0.767082
0.767082
0.767082
0.767082
0.767082
0.767082
0.767082
0.767082
0.767082
0.767082
0.767082
0.767082
0.767082
0.767082
0.767082
0.767082
0.767082
0.767082
0.767082
0.767082
0.767082
0.767082
0.767082
0.767082
0.767082
0.767082
0.767082
0.767082
0.767082
0.767082
0.767082
0.767082
0.767082
0.767082
0.767082
0.767082
0.767082
0.767082
0.767082
0.767082
0.767082
0.767082
0.767082
0.767082
0.767082
0.767082
0.767082
0.767082
0.767082
0.767082
0.767082
0.767082
0.767082
0.767082
0.767082
0.767082
0.767082
0.767082
0.767082
0.767082
0.767082
0.767082
0.767082
0.767082
0.767082
0.767082
0.767082
0.767082
0.767082
0.767082
0.767082
0.767082
0.767082
0.767082
0.767082
0.767082
0.767082
0.767082
0.767082
0.767082
0.767082
0.767082
0.767082
0.767082
0.767082
0.767082
0.767082
0.767082
0.767082
0.767082
0.767082
0.767082
0.767082
0.767082
0.767082
0.767082
0.767082
0.767082
0.767082
0.767082
0.767082
0.767082
0.767082
0.767082
0.767082
0.767082
0.767082
0.767082
0.767082
0.767082
0.767082
0.767082
0.767082
0.767082
0.767082
0.767082
0.767082
0.767082
0.767082
0.767082
0.767082
0.767082
0.767082
0.767082
0.767082
0.767082
0.767082
0.767082
0.767082
0.767082
0.767082
0.767082
0.767082
0.767082
0.767082
0.767082
0.767082
0.767082
0.767082
0.767082
0.767082
0.767082
0.767082
0.767082
0.767082
0.767082
0.767082
0.767082
0.767082
0.767082
0.767082
0.767082
0.767082
0.767082
0.767082
0.767082
0.767082
0.767082
0.767082
0.767082
0.767082
0.767082
0.767082
0.767082
0.767082
0.767082
0.767082
0.767082
0.767082
0.767082
0.767082
0.767082
0.767082
0.767082
0.767082
0.767082
0.767082
0.767082
0.767082
0.767082
0.767082
0.767082
0.767082
0.767082
0.767082
0.767082
0.767082
0.767082
0.767082
0.767082
0.767082
0.767082
0.767082
0.767082
0.767082
0.767082
0.767082
0.767082
0.767082
0.767082
0.767082
0.767082
0.767082
0.767082
0.767082
0.767082
0.767082
0.767082
0.767082
0.767082
0.767082
0.767082
0.767082
0.767082
0.767082
0.767082
0.767082
0.767082
0.767082
0.767082
0.767082
0.767082
0.767082
0.767082
0.767082
0.767082
0.767082
0.767082
0.767082
0.767082
0.767082
0.767082
0.767082
0.767082
0.767082
0.767082
0.767082
0.767082
0.767082
0.767082
0.767082
0.767082
0.767082
0.767082
0.767082
0.767082
0.767082
0.767082
0.767082
0.767082
0.767082
0.767082
0.767082
0.767082
0.767082
0.767082
0.767082
0.767082
0.767082
0.767082
0.767082
0.767082
0.767082
0.767082
0.767082
0.767082
0.767082
0.767082
0.767082
0.767082
0.767082
0.767082
0.767082
0.767082
0.767082
0.767082
0.767082
0.767082
0.767082
0.767082
0.767082
0.767082
0.767082
0.767082
0.767082
0.767082
0.767082
0.767082
0.767082
0.767082
0.767082
0.767082
0.767082
0.767082
0.767082
0.767082
0.767082
0.767082
0.767082
0.767082
0.767082
0.767082
0.767082
0.767082
0.767082
0.767082
0.767082
0.767082
0.767082
0.767082
0.767082
0.767082
0.767082
0.767082
0.767082
0.767082
0.767082
0.767082
0.767082
0.767082
0.767082
0.767082
0.767082
0.767082
0.767082
0.767082
0.767082
0.767082
0.767082
0.767082
0.767082
0.767082
0.767082
0.767082
0.767082
0.767082
0.767082
0.767082
0.767082
0.767082
0.767082
0.767082
0.767082
0.767082
0.767082
0.767082
0.767082
0.767082
0.767082
0.767082
0.767082
0.767082
0.767082
0.767082
0.767082
0.767082
0.767082
0.767082
0.767082
0.767082
0.767082
0.767082
0.767082
)
;

boundaryField
{
    bottom
    {
        type            empty;
    }
    inlet
    {
        type            calculated;
        value           uniform 0.767082;
    }
    outlet
    {
        type            calculated;
        value           nonuniform List<scalar> 
120
(
0.767082
0.767082
0.767082
0.767082
0.767082
0.767082
0.767082
0.767082
0.767082
0.767082
0.767082
0.767082
0.767082
0.767082
0.767082
0.767082
0.767082
0.767082
0.767082
0.767082
0.767082
0.767082
0.767082
0.767082
0.767082
0.767082
0.767082
0.767082
0.767082
0.767082
0.767082
0.767082
0.767082
0.766989344094
0.75445656051
0.750790083215
0.75105990941
0.753677539578
0.755291320766
0.753003574068
0.745476230656
0.736167128282
0.720643836494
0.703545315727
0.681413296231
0.656020038895
0.625721750086
0.59512914496
0.570493766672
0.553012486303
0.533425843271
0.518253617383
0.488949177776
0.448855383461
0.417153985604
0.375806140507
0.335981687879
0.2809288705
0.232761581922
0.161883985528
0.107641498729
0.0343732830729
0.00327902020934
0.00113356171769
0.000317258300251
0.000121834508608
5.36904335264e-05
4.47010350329e-05
2.13064070924e-05
9.27181128869e-06
0.767082
0.767082
0.767082
0.767082
0.767082
0.767082
0.767082
0.767082
0.767082
0.767082
0.767082
0.767082
0.767082
0.767082
0.767082
0.767082
0.767082
0.767082
0.767082
0.767082
0.767082
0.767082
0.767082
0.767082
0.767082
0.767082
0.767082
0.767082
0.767082
0.767082
0.767082
0.767082
0.767082
0.767082
0.767082
0.767082
0.767082
0.767082
0.767082
0.767082
0.767082
0.767082
0.767082
0.767082
0.767082
0.767082
0.767082
0.767082
0.767082
0.767082
)
;
    }
    obstacle
    {
        type            calculated;
        value           nonuniform List<scalar> 
70
(
4.46663245524e-07
4.26627308299e-07
4.29715687671e-07
4.40991717844e-07
4.59063369808e-07
4.84115516731e-07
5.16214768289e-07
5.55930105213e-07
6.04289618252e-07
6.62470688356e-07
7.31321734611e-07
8.14125685481e-07
9.10846143549e-07
1.02503959383e-06
1.15902998315e-06
1.31780404186e-06
1.50220628488e-06
1.72040026602e-06
1.97453849684e-06
2.27332568706e-06
2.62026913024e-06
3.02820586621e-06
3.50096499687e-06
4.05630541293e-06
4.70445689762e-06
5.46079350043e-06
6.34085282621e-06
7.36216033583e-06
8.55736961518e-06
9.95326453897e-06
1.15858599062e-05
1.34815104623e-05
1.56910701437e-05
1.82674293442e-05
2.12972230739e-05
2.48002380016e-05
2.89036976959e-05
3.37144510052e-05
3.93232939473e-05
4.58965829506e-05
5.36211276164e-05
6.27038133839e-05
7.3390862717e-05
8.58446248516e-05
0.000100600838566
0.000117946474453
0.000138209097259
0.000162283160662
0.000190073262465
0.000222159819501
0.000258677479985
0.000299831461741
0.000344953019307
0.00039208896529
0.000439024795347
0.000482169433207
0.000515016533395
0.000529593634126
0.000519971100723
0.000464259770955
0.00039962105433
0.000305385765761
0.000217871573062
0.000147256573566
9.56667385832e-05
6.26977562022e-05
4.23654166748e-05
2.12610056008e-05
1.73146677768e-05
9.27181128869e-06
)
;
    }
    wedgefront
    {
        type            wedge;
    }
    wedgeback
    {
        type            wedge;
    }
}


// ************************************************************************* //
