/*--------------------------------*- C++ -*----------------------------------*\
| =========                 |                                                 |
| \\      /  F ield         | foam-extend: Open Source CFD                    |
|  \\    /   O peration     | Version:     4.1                                |
|   \\  /    A nd           | Web:         http://www.foam-extend.org         |
|    \\/     M anipulation  |                                                 |
\*---------------------------------------------------------------------------*/
FoamFile
{
    version     2.0;
    format      ascii;
    class       volScalarField;
    location    "0.0001";
    object      O2;
}
// * * * * * * * * * * * * * * * * * * * * * * * * * * * * * * * * * * * * * //

dimensions      [0 0 0 0 0 0 0];

internalField   nonuniform List<scalar> 
8400
(
0.232918
0.232918
0.232918
0.232918
0.232918
0.232918
0.232918
0.232918
0.232918
0.232918
0.232918
0.232918
0.232918
0.232918
0.232918
0.232918
0.232918
0.232918
0.232918
0.232918
0.232918
0.232918
0.232918
0.232918
0.232918
0.232918
0.232918
0.232918
0.232918
0.232918
0.232918
0.232918
0.232918
0.232918
0.232918
0.232918
0.232918
0.232918
0.232918
0.232918
0.232918
0.232918
0.232918
0.203688779911
1.21949559809e-05
1.47604451736e-07
5.8629053596e-08
3.37527911684e-08
2.60075249269e-08
2.33467170497e-08
2.22789249797e-08
2.16016986876e-08
2.10372774322e-08
2.04623509747e-08
1.98935651618e-08
1.93284921893e-08
1.87857033916e-08
1.82338144233e-08
1.76923981748e-08
1.71703590935e-08
1.66894877786e-08
1.62231942171e-08
1.57910635441e-08
1.54013752213e-08
1.50583965774e-08
1.47836443335e-08
1.45462351466e-08
1.4366321348e-08
1.42452383587e-08
1.415322448e-08
0.232918
0.232918
0.232918
0.232918
0.232918
0.232918
0.232918
0.232918
0.232918
0.232918
0.232918
0.232918
0.232918
0.232918
0.232918
0.232918
0.232918
0.232918
0.232918
0.232918
0.232918
0.232918
0.232918
0.232918
0.232918
0.232918
0.232918
0.232918
0.232918
0.232918
0.232918
0.232918
0.232918
0.232918
0.232918
0.232918
0.232918
0.232918
0.232918
0.232918
0.232918
0.232918
0.232917276441
0.00077918726047
6.18626788538e-07
8.90041134035e-08
4.25368037358e-08
2.70770955491e-08
2.2863516853e-08
2.14304245998e-08
2.07890494356e-08
2.03172094188e-08
1.98531961658e-08
1.93816469863e-08
1.89032964463e-08
1.84167032365e-08
1.79227549703e-08
1.74481183978e-08
1.69634006913e-08
1.64950222404e-08
1.60478877908e-08
1.56296485491e-08
1.52447018876e-08
1.48967277521e-08
1.46086289969e-08
1.43492394205e-08
1.4137859832e-08
1.39776539814e-08
1.3869761379e-08
1.37960913979e-08
0.232918
0.232918
0.232918
0.232918
0.232918
0.232918
0.232918
0.232918
0.232918
0.232918
0.232918
0.232918
0.232918
0.232918
0.232918
0.232918
0.232918
0.232918
0.232918
0.232918
0.232918
0.232918
0.232918
0.232918
0.232918
0.232918
0.232918
0.232918
0.232918
0.232918
0.232918
0.232918
0.232918
0.232918
0.232918
0.232918
0.232918
0.232918
0.232918
0.232918
0.232918
0.232918
0.232863206753
4.3788456949e-05
2.44718577321e-07
7.15135128113e-08
3.63795312833e-08
2.52530703016e-08
2.20155329137e-08
2.09070376941e-08
2.04514406904e-08
2.00336617519e-08
1.95989705172e-08
1.91529110086e-08
1.87000817765e-08
1.82365091989e-08
1.77686795724e-08
1.72980009235e-08
1.68550272561e-08
1.64107839145e-08
1.59877218184e-08
1.55934268146e-08
1.52302858227e-08
1.49027655961e-08
1.46328827591e-08
1.43898359823e-08
1.41917561308e-08
1.40425097956e-08
1.39424517733e-08
1.38762864762e-08
0.232918
0.232918
0.232918
0.232918
0.232918
0.232918
0.232918
0.232918
0.232918
0.232918
0.232918
0.232918
0.232918
0.232918
0.232918
0.232918
0.232918
0.232918
0.232918
0.232918
0.232918
0.232918
0.232918
0.232918
0.232918
0.232918
0.232918
0.232918
0.232918
0.232918
0.232918
0.232918
0.232918
0.232918
0.232918
0.232918
0.232918
0.232918
0.232918
0.232918
0.232918
0.232918
0.232298148033
2.64717256039e-05
1.95589821253e-07
6.46333305302e-08
3.46416613006e-08
2.52193411088e-08
2.21344117397e-08
2.12011690026e-08
2.07316435509e-08
2.03044234086e-08
1.98643185075e-08
1.94129880692e-08
1.89556041225e-08
1.84888809747e-08
1.80162856995e-08
1.75465243494e-08
1.71044394893e-08
1.66625420426e-08
1.62420684486e-08
1.58483080705e-08
1.54871219216e-08
1.5163207097e-08
1.48964580417e-08
1.46567013472e-08
1.44617606475e-08
1.43148562442e-08
1.42165734881e-08
1.41529736748e-08
0.232918
0.232918
0.232918
0.232918
0.232918
0.232918
0.232918
0.232918
0.232918
0.232918
0.232918
0.232918
0.232918
0.232918
0.232918
0.232918
0.232918
0.232918
0.232918
0.232918
0.232918
0.232918
0.232918
0.232918
0.232918
0.232918
0.232918
0.232918
0.232918
0.232918
0.232918
0.232918
0.232918
0.232918
0.232918
0.232918
0.232918
0.232918
0.232918
0.232918
0.232918
0.232918
0.231556679102
2.27906034316e-05
1.84699776621e-07
6.41317840998e-08
3.48876156325e-08
2.53093069903e-08
2.2721487701e-08
2.1888040656e-08
2.13670593704e-08
2.09260347152e-08
2.04616405971e-08
1.99947131575e-08
1.95184096668e-08
1.90370289384e-08
1.85503124204e-08
1.80840153846e-08
1.7613212071e-08
1.71602144287e-08
1.6731008484e-08
1.63288293707e-08
1.59593214111e-08
1.56297621937e-08
1.53586558277e-08
1.51145186342e-08
1.49156398782e-08
1.4764415506e-08
1.4663484733e-08
1.45979320181e-08
0.232918
0.232918
0.232918
0.232918
0.232918
0.232918
0.232918
0.232918
0.232918
0.232918
0.232918
0.232918
0.232918
0.232918
0.232918
0.232918
0.232918
0.232918
0.232918
0.232918
0.232918
0.232918
0.232918
0.232918
0.232918
0.232918
0.232918
0.232918
0.232918
0.232918
0.232918
0.232918
0.232918
0.232918
0.232918
0.232918
0.232918
0.232918
0.232918
0.232918
0.232918
0.232918
0.231383631159
2.25690096477e-05
1.84389930473e-07
6.51011109179e-08
3.5171777037e-08
2.66216838676e-08
2.37242437692e-08
2.28010587502e-08
2.22779613343e-08
2.18113575571e-08
2.13281092357e-08
2.08388726916e-08
2.0341209652e-08
1.98365017472e-08
1.9324868064e-08
1.88375584807e-08
1.83440244475e-08
1.78717869358e-08
1.74241628361e-08
1.70047124129e-08
1.66204841289e-08
1.6293595952e-08
1.5994777756e-08
1.57413432737e-08
1.55346846156e-08
1.53790910697e-08
1.52741256218e-08
1.52058667296e-08
0.232918
0.232918
0.232918
0.232918
0.232918
0.232918
0.232918
0.232918
0.232918
0.232918
0.232918
0.232918
0.232918
0.232918
0.232918
0.232918
0.232918
0.232918
0.232918
0.232918
0.232918
0.232918
0.232918
0.232918
0.232918
0.232918
0.232918
0.232918
0.232918
0.232918
0.232918
0.232918
0.232918
0.232918
0.232918
0.232918
0.232918
0.232918
0.232918
0.232918
0.232918
0.232918
0.231859861236
2.38754685697e-05
1.91143010684e-07
6.6473278201e-08
3.72954808864e-08
2.75143532246e-08
2.50413581163e-08
2.40276205663e-08
2.3462032067e-08
2.29685603022e-08
2.24462598678e-08
2.19182750214e-08
2.13861749228e-08
2.08487428482e-08
2.03089876366e-08
1.97947008596e-08
1.9273842272e-08
1.87758521627e-08
1.83018201846e-08
1.78603342742e-08
1.74558691164e-08
1.71123786224e-08
1.67979943366e-08
1.65325241447e-08
1.63180332146e-08
1.6153987998e-08
1.60436184889e-08
1.59713257055e-08
0.232918
0.232918
0.232918
0.232918
0.232918
0.232918
0.232918
0.232918
0.232918
0.232918
0.232918
0.232918
0.232918
0.232918
0.232918
0.232918
0.232918
0.232918
0.232918
0.232918
0.232918
0.232918
0.232918
0.232918
0.232918
0.232918
0.232918
0.232918
0.232918
0.232918
0.232918
0.232918
0.232918
0.232918
0.232918
0.232918
0.232918
0.232918
0.232918
0.232918
0.232918
0.232918
0.232227373972
2.65094523695e-05
2.02004368281e-07
6.96688847642e-08
3.88437884634e-08
2.94794147967e-08
2.64833982276e-08
2.55104636842e-08
2.49154315386e-08
2.43727200799e-08
2.3804460722e-08
2.32355536488e-08
2.26637100199e-08
2.20876287744e-08
2.15112340847e-08
2.09616251305e-08
2.0407145425e-08
1.98758255015e-08
1.93713875615e-08
1.8902135247e-08
1.84909100158e-08
1.81068672899e-08
1.77739429616e-08
1.74940277516e-08
1.72665728404e-08
1.70941511669e-08
1.69761702712e-08
1.68988913459e-08
0.232918
0.232918
0.232918
0.232918
0.232918
0.232918
0.232918
0.232918
0.232918
0.232918
0.232918
0.232918
0.232918
0.232918
0.232918
0.232918
0.232918
0.232918
0.232918
0.232918
0.232918
0.232918
0.232918
0.232918
0.232918
0.232918
0.232918
0.232918
0.232918
0.232918
0.232918
0.232918
0.232918
0.232918
0.232918
0.232918
0.232918
0.232918
0.232918
0.232918
0.232918
0.232918
0.232562091751
3.02285629413e-05
2.1605920514e-07
7.27353659288e-08
4.15268370546e-08
3.12314461931e-08
2.8348970465e-08
2.73387447803e-08
2.6674191843e-08
2.60496602923e-08
2.54443406814e-08
2.48202405033e-08
2.41942854524e-08
2.35696208372e-08
2.2947381121e-08
2.23541218923e-08
2.17556256091e-08
2.11837503443e-08
2.06421249388e-08
2.01387101103e-08
1.96981745561e-08
1.92883928436e-08
1.89318553569e-08
1.86318292895e-08
1.83893488019e-08
1.82052806886e-08
1.80797477093e-08
1.79995578949e-08
0.232918
0.232918
0.232918
0.232918
0.232918
0.232918
0.232918
0.232918
0.232918
0.232918
0.232918
0.232918
0.232918
0.232918
0.232918
0.232918
0.232918
0.232918
0.232918
0.232918
0.232918
0.232918
0.232918
0.232918
0.232918
0.232918
0.232918
0.232918
0.232918
0.232918
0.232918
0.232918
0.232918
0.232918
0.232918
0.232918
0.232918
0.232918
0.232918
0.232918
0.232918
0.232918
0.232786375196
3.54432806986e-05
2.36660326301e-07
7.65701785952e-08
4.35705321895e-08
3.3795665202e-08
3.05951624927e-08
2.94255924468e-08
2.86891439174e-08
2.80233410603e-08
2.73661809937e-08
2.6680823485e-08
2.59934778466e-08
2.53060070024e-08
2.46263941089e-08
2.39760256012e-08
2.33286510808e-08
2.27098169197e-08
2.21266629551e-08
2.16042561378e-08
2.11084536946e-08
2.06673362502e-08
2.02838199942e-08
1.99598906642e-08
1.97002840855e-08
1.95025526152e-08
1.93694226586e-08
1.92862328019e-08
0.232918
0.232918
0.232918
0.232918
0.232918
0.232918
0.232918
0.232918
0.232918
0.232918
0.232918
0.232918
0.232918
0.232918
0.232918
0.232918
0.232918
0.232918
0.232918
0.232918
0.232918
0.232918
0.232918
0.232918
0.232918
0.232918
0.232918
0.232918
0.232918
0.232918
0.232918
0.232918
0.232918
0.232918
0.232918
0.232918
0.232918
0.232918
0.232918
0.232918
0.232918
0.232918
0.232853939405
4.26496285228e-05
2.61940860228e-07
8.13505123468e-08
4.67267016084e-08
3.65483464964e-08
3.31382155777e-08
3.18783224216e-08
3.10521677861e-08
3.02986136199e-08
2.95664079901e-08
2.88107214283e-08
2.80514493989e-08
2.7300998169e-08
2.65795581508e-08
2.58485116319e-08
2.5143495452e-08
2.44705727696e-08
2.38360812587e-08
2.32704922362e-08
2.2734421918e-08
2.2258440145e-08
2.18450549915e-08
2.14958610985e-08
2.12133656415e-08
2.09992312965e-08
2.08749783686e-08
2.0764823634e-08
0.232918
0.232918
0.232918
0.232918
0.232918
0.232918
0.232918
0.232918
0.232918
0.232918
0.232918
0.232918
0.232918
0.232918
0.232918
0.232918
0.232918
0.232918
0.232918
0.232918
0.232918
0.232918
0.232918
0.232918
0.232918
0.232918
0.232918
0.232918
0.232918
0.232918
0.232918
0.232918
0.232918
0.232918
0.232918
0.232918
0.232918
0.232918
0.232918
0.232918
0.232918
0.232918
0.232909161184
5.40787712882e-05
2.9321433286e-07
8.6682306305e-08
5.03324748402e-08
3.89105498229e-08
3.62000716488e-08
3.47468716809e-08
3.37973764549e-08
3.29287229885e-08
3.2101392536e-08
3.1258884769e-08
3.04230596327e-08
2.95936353801e-08
2.87987209018e-08
2.79990353711e-08
2.72259462574e-08
2.64885647928e-08
2.58180834971e-08
2.5178414639e-08
2.45969084992e-08
2.40789537217e-08
2.36302742562e-08
2.32511751247e-08
2.29667900755e-08
2.27334341667e-08
2.25758793919e-08
2.24802945832e-08
0.232918
0.232918
0.232918
0.232918
0.232918
0.232918
0.232918
0.232918
0.232918
0.232918
0.232918
0.232918
0.232918
0.232918
0.232918
0.232918
0.232918
0.232918
0.232918
0.232918
0.232918
0.232918
0.232918
0.232918
0.232918
0.232918
0.232918
0.232918
0.232918
0.232918
0.232918
0.232918
0.232918
0.232918
0.232918
0.232918
0.232918
0.232918
0.232918
0.232918
0.232918
0.232918
0.23291212397
7.1003902084e-05
3.38557248493e-07
9.20661653403e-08
5.43880893223e-08
4.26047490168e-08
3.94657113611e-08
3.79136628723e-08
3.69136229661e-08
3.59572227262e-08
3.50368025503e-08
3.40896474539e-08
3.31518064404e-08
3.22250130455e-08
3.13405968454e-08
3.04549020434e-08
2.96019063272e-08
2.87926938397e-08
2.80557011581e-08
2.73526735545e-08
2.67167821556e-08
2.61520144719e-08
2.56853019671e-08
2.52726888809e-08
2.49379636997e-08
2.46849797419e-08
2.45120692146e-08
2.44086178913e-08
0.232918
0.232918
0.232918
0.232918
0.232918
0.232918
0.232918
0.232918
0.232918
0.232918
0.232918
0.232918
0.232918
0.232918
0.232918
0.232918
0.232918
0.232918
0.232918
0.232918
0.232918
0.232918
0.232918
0.232918
0.232918
0.232918
0.232918
0.232918
0.232918
0.232918
0.232918
0.232918
0.232918
0.232918
0.232918
0.232918
0.232918
0.232918
0.232918
0.232918
0.232918
0.232918
0.232914524526
0.000106392765607
4.13094420636e-07
9.7823074364e-08
5.86339333445e-08
4.66561708115e-08
4.32695432438e-08
4.16021249566e-08
4.04338819726e-08
3.93605249919e-08
3.83254629694e-08
3.72714068095e-08
3.62271283705e-08
3.52213496624e-08
3.42112585919e-08
3.32293873305e-08
3.22900254302e-08
3.14231918376e-08
3.05873990593e-08
2.98168893023e-08
2.91195834084e-08
2.85214048567e-08
2.79843001625e-08
2.75328867936e-08
2.71690425329e-08
2.68923729917e-08
2.67045616167e-08
2.65935556562e-08
0.232918
0.232918
0.232918
0.232918
0.232918
0.232918
0.232918
0.232918
0.232918
0.232918
0.232918
0.232918
0.232918
0.232918
0.232918
0.232918
0.232918
0.232918
0.232918
0.232918
0.232918
0.232918
0.232918
0.232918
0.232918
0.232918
0.232918
0.232918
0.232918
0.232918
0.232918
0.232918
0.232918
0.232918
0.232918
0.232918
0.232918
0.232918
0.232918
0.232918
0.232918
0.232918
0.23291645824
0.000171406460728
5.07809136238e-07
1.05397915016e-07
6.29983385502e-08
5.07142264371e-08
4.73843691061e-08
4.57953532724e-08
4.44983628649e-08
4.32663637088e-08
4.20812992614e-08
4.08811414459e-08
3.97043504618e-08
3.85739382972e-08
3.74490875123e-08
3.63591408829e-08
3.53450083483e-08
3.43584604089e-08
3.34382278622e-08
3.25926566902e-08
3.18510765696e-08
3.11694698574e-08
3.05793989466e-08
3.00831548699e-08
2.96834846267e-08
2.93818691894e-08
2.91983943674e-08
2.90527499548e-08
0.232918
0.232918
0.232918
0.232918
0.232918
0.232918
0.232918
0.232918
0.232918
0.232918
0.232918
0.232918
0.232918
0.232918
0.232918
0.232918
0.232918
0.232918
0.232918
0.232918
0.232918
0.232918
0.232918
0.232918
0.232918
0.232918
0.232918
0.232918
0.232918
0.232918
0.232918
0.232918
0.232918
0.232918
0.232918
0.232918
0.232918
0.232918
0.232918
0.232918
0.232918
0.232918
0.232917115322
0.000354922802254
6.96805929445e-07
1.1266799921e-07
6.81150949132e-08
5.54399153993e-08
5.24102025415e-08
5.0641138681e-08
4.90846768787e-08
4.76661740906e-08
4.63125402089e-08
4.49552628233e-08
4.36243374214e-08
4.23530630314e-08
4.10933421211e-08
3.98754545845e-08
3.87464788671e-08
3.76554853448e-08
3.66380042747e-08
3.57298652864e-08
3.48837177169e-08
3.41355546239e-08
3.34849695993e-08
3.29400956412e-08
3.25259283422e-08
3.21922841612e-08
3.19634240672e-08
3.18294437172e-08
0.232918
0.232918
0.232918
0.232918
0.232918
0.232918
0.232918
0.232918
0.232918
0.232918
0.232918
0.232918
0.232918
0.232918
0.232918
0.232918
0.232918
0.232918
0.232918
0.232918
0.232918
0.232918
0.232918
0.232918
0.232918
0.232918
0.232918
0.232918
0.232918
0.232918
0.232918
0.232918
0.232918
0.232918
0.232918
0.232918
0.232918
0.232918
0.232918
0.232918
0.232918
0.232918
0.232917279609
0.00116261693621
1.0854994798e-06
1.21606180945e-07
7.34625399993e-08
6.10380426021e-08
5.75050806367e-08
5.58052940319e-08
5.42178638849e-08
5.26387900037e-08
5.10647090132e-08
4.95252418327e-08
4.80547301332e-08
4.65952636004e-08
4.51769916702e-08
4.38459497769e-08
4.25550271385e-08
4.13396997593e-08
4.02409126084e-08
3.92065136504e-08
3.82739217928e-08
3.74477506986e-08
3.67619619899e-08
3.61612105815e-08
3.56773773753e-08
3.53076142628e-08
3.50508647462e-08
3.48996502519e-08
0.232918
0.232918
0.232918
0.232918
0.232918
0.232918
0.232918
0.232918
0.232918
0.232918
0.232918
0.232918
0.232918
0.232918
0.232918
0.232918
0.232918
0.232918
0.232918
0.232918
0.232918
0.232918
0.232918
0.232918
0.232918
0.232918
0.232918
0.232918
0.232918
0.232918
0.232918
0.232918
0.232918
0.232918
0.232918
0.232918
0.232918
0.232918
0.232918
0.232918
0.232918
0.232918
0.232917389372
0.00607839687091
2.02099571298e-06
1.30084756786e-07
7.96009088216e-08
6.65499177045e-08
6.37100718799e-08
6.16573074265e-08
5.98918236087e-08
5.81245560038e-08
5.6346359309e-08
5.46119287201e-08
5.29519132916e-08
5.13078929212e-08
4.9753053032e-08
4.82322028254e-08
4.67921521372e-08
4.54727677844e-08
4.42194152641e-08
4.30798884613e-08
4.20764081105e-08
4.11634421779e-08
4.03748689925e-08
3.97125148908e-08
3.91757584215e-08
3.87656912009e-08
3.85109139102e-08
3.83444270479e-08
0.232918
0.232918
0.232918
0.232918
0.232918
0.232918
0.232918
0.232918
0.232918
0.232918
0.232918
0.232918
0.232918
0.232918
0.232918
0.232918
0.232918
0.232918
0.232918
0.232918
0.232918
0.232918
0.232918
0.232918
0.232918
0.232918
0.232918
0.232918
0.232918
0.232918
0.232918
0.232918
0.232918
0.232918
0.232918
0.232918
0.232918
0.232918
0.232918
0.232918
0.232918
0.232918
0.232917487693
0.0225955280033
3.0839724613e-06
1.40736417358e-07
8.63039859083e-08
7.27459421077e-08
7.00055292823e-08
6.83237343771e-08
6.63230418524e-08
6.42529278437e-08
6.22374417612e-08
6.03058177762e-08
5.83990846165e-08
5.65463273114e-08
5.4800550195e-08
5.31029741108e-08
5.15260353213e-08
5.00244081283e-08
4.86373383693e-08
4.74004336178e-08
4.62591192767e-08
4.52528622427e-08
4.43807678774e-08
4.36815657419e-08
4.30870079646e-08
4.26320694915e-08
4.23146679427e-08
4.21331765498e-08
0.232918
0.232918
0.232918
0.232918
0.232918
0.232918
0.232918
0.232918
0.232918
0.232918
0.232918
0.232918
0.232918
0.232918
0.232918
0.232918
0.232918
0.232918
0.232918
0.232918
0.232918
0.232918
0.232918
0.232918
0.232918
0.232918
0.232918
0.232918
0.232918
0.232918
0.232918
0.232918
0.232918
0.232918
0.232918
0.232918
0.232918
0.232918
0.232918
0.232918
0.232918
0.232918
0.23291757981
0.0466139265469
4.43397854054e-06
1.51507852352e-07
9.33275232541e-08
7.97483345677e-08
7.73239682604e-08
7.5628149536e-08
7.33769341693e-08
7.10553188146e-08
6.87734167938e-08
6.6586076841e-08
6.44298712799e-08
6.2382381852e-08
6.0383042226e-08
5.84821496416e-08
5.67258390298e-08
5.50527310892e-08
5.3546277105e-08
5.21413863968e-08
5.0878549663e-08
4.9800237241e-08
4.88370677569e-08
4.8027450202e-08
4.73714323698e-08
4.68663627831e-08
4.65441446106e-08
4.63336053678e-08
0.232918
0.232918
0.232918
0.232918
0.232918
0.232918
0.232918
0.232918
0.232918
0.232918
0.232918
0.232918
0.232918
0.232918
0.232918
0.232918
0.232918
0.232918
0.232918
0.232918
0.232918
0.232918
0.232918
0.232918
0.232918
0.232918
0.232918
0.232918
0.232918
0.232918
0.232918
0.232918
0.232918
0.232918
0.232918
0.232918
0.232918
0.232918
0.232918
0.232918
0.232918
0.232918
0.232917641274
0.0700289314151
5.58499627435e-06
1.62564397346e-07
1.01068247876e-07
8.70023287242e-08
8.58259599758e-08
8.41331576099e-08
8.14033355203e-08
7.86612770225e-08
7.60390975821e-08
7.35374822356e-08
7.10926257974e-08
6.8780386709e-08
6.65352081033e-08
6.44453127646e-08
6.24489887708e-08
6.06247464221e-08
5.89122610283e-08
5.73524759459e-08
5.5996589354e-08
5.47640457348e-08
5.36989833675e-08
5.28401278873e-08
5.2112228589e-08
5.15480795485e-08
5.1151300428e-08
5.09116779836e-08
0.232918
0.232918
0.232918
0.232918
0.232918
0.232918
0.232918
0.232918
0.232918
0.232918
0.232918
0.232918
0.232918
0.232918
0.232918
0.232918
0.232918
0.232918
0.232918
0.232918
0.232918
0.232918
0.232918
0.232918
0.232918
0.232918
0.232918
0.232918
0.232918
0.232918
0.232918
0.232918
0.232918
0.232918
0.232918
0.232918
0.232918
0.232918
0.232918
0.232918
0.232918
0.232918
0.2329177394
0.0912840309673
6.73036018918e-06
1.75811749816e-07
1.08991391301e-07
9.6143617799e-08
9.45227648554e-08
9.29864011071e-08
9.00412719354e-08
8.69473331237e-08
8.40090429697e-08
8.11601729593e-08
7.84507836891e-08
7.58086983033e-08
7.33358130517e-08
7.09604084918e-08
6.87707512027e-08
6.66990208478e-08
6.48399752995e-08
6.31160125258e-08
6.1567753419e-08
6.02480160775e-08
5.90718400826e-08
5.80788978678e-08
5.72696536469e-08
5.66834125483e-08
5.62351927394e-08
5.59656731771e-08
0.232918
0.232918
0.232918
0.232918
0.232918
0.232918
0.232918
0.232918
0.232918
0.232918
0.232918
0.232918
0.232918
0.232918
0.232918
0.232918
0.232918
0.232918
0.232918
0.232918
0.232918
0.232918
0.232918
0.232918
0.232918
0.232918
0.232918
0.232918
0.232918
0.232918
0.232918
0.232918
0.232918
0.232918
0.232918
0.232918
0.232918
0.232918
0.232918
0.232918
0.232918
0.232918
0.232917776516
0.111485745941
7.93620520652e-06
1.90803983322e-07
1.16836163241e-07
1.04909997819e-07
1.04251347578e-07
1.0305894639e-07
9.96334034367e-08
9.61139879712e-08
9.27858743713e-08
8.95508966062e-08
8.64909993974e-08
8.3566825821e-08
8.07517924768e-08
7.81333744186e-08
7.56463122951e-08
7.3389145739e-08
7.12774057756e-08
6.93666346896e-08
6.76969000638e-08
6.61905203829e-08
6.48846030829e-08
6.38312589627e-08
6.29360140548e-08
6.22388522735e-08
6.17356946206e-08
6.14252781819e-08
0.232918
0.232918
0.232918
0.232918
0.232918
0.232918
0.232918
0.232918
0.232918
0.232918
0.232918
0.232918
0.232918
0.232918
0.232918
0.232918
0.232918
0.232918
0.232918
0.232918
0.232918
0.232918
0.232918
0.232918
0.232918
0.232918
0.232918
0.232918
0.232918
0.232918
0.232918
0.232918
0.232918
0.232918
0.232918
0.232918
0.232918
0.232918
0.232918
0.232918
0.232918
0.232918
0.232917800831
0.127943214996
9.01775386222e-06
2.05413094497e-07
1.27480436239e-07
1.14166323139e-07
1.15335745999e-07
1.1400898135e-07
1.10223544873e-07
1.06241000851e-07
1.02402681078e-07
9.87862633301e-08
9.52802577583e-08
9.198787171e-08
8.88828077895e-08
8.5917480305e-08
8.31869123713e-08
8.06339483969e-08
7.83368458086e-08
7.62181535897e-08
7.43319269382e-08
7.27045563012e-08
7.12665387099e-08
7.00487721032e-08
6.90988985682e-08
6.83250067223e-08
6.77574164478e-08
6.74035120669e-08
0.232918
0.232918
0.232918
0.232918
0.232918
0.232918
0.232918
0.232918
0.232918
0.232918
0.232918
0.232918
0.232918
0.232918
0.232918
0.232918
0.232918
0.232918
0.232918
0.232918
0.232918
0.232918
0.232918
0.232918
0.232918
0.232918
0.232918
0.232918
0.232918
0.232918
0.232918
0.232918
0.232918
0.232918
0.232918
0.232918
0.232918
0.232918
0.232918
0.232918
0.232918
0.232918
0.23291784579
0.140450263192
1.01347476617e-05
2.22210858665e-07
1.3703994189e-07
1.2573902599e-07
1.26713645145e-07
1.25952117674e-07
1.21849015993e-07
1.17332707702e-07
1.13001537432e-07
1.08832342155e-07
1.04926186333e-07
1.01175923793e-07
9.76880396838e-08
9.44182550517e-08
9.13494814596e-08
8.85634532941e-08
8.59604613691e-08
8.3664514956e-08
8.15679359933e-08
7.97355247277e-08
7.81897970448e-08
7.68457999719e-08
7.57399492133e-08
7.48721992054e-08
7.4282421498e-08
7.38716044289e-08
0.232918
0.232918
0.232918
0.232918
0.232918
0.232918
0.232918
0.232918
0.232918
0.232918
0.232918
0.232918
0.232918
0.232918
0.232918
0.232918
0.232918
0.232918
0.232918
0.232918
0.232918
0.232918
0.232918
0.232918
0.232918
0.232918
0.232918
0.232918
0.232918
0.232918
0.232918
0.232918
0.232918
0.232918
0.232918
0.232918
0.232918
0.232918
0.232918
0.232918
0.232918
0.232918
0.232917874706
0.152480975493
1.14786061131e-05
2.40982197132e-07
1.49736549063e-07
1.36695338801e-07
1.39517245037e-07
1.39114429829e-07
1.34412981191e-07
1.29272961151e-07
1.24390971722e-07
1.19769606523e-07
1.15332773975e-07
1.11185311745e-07
1.07293097687e-07
1.03607310851e-07
1.00231448333e-07
9.70842313808e-08
9.42687549874e-08
9.16758109358e-08
8.94129583683e-08
8.73766407441e-08
8.56244928091e-08
8.41826280947e-08
8.29616077077e-08
8.19948734041e-08
8.12797461853e-08
8.08537279768e-08
0.232918
0.232918
0.232918
0.232918
0.232918
0.232918
0.232918
0.232918
0.232918
0.232918
0.232918
0.232918
0.232918
0.232918
0.232918
0.232918
0.232918
0.232918
0.232918
0.232918
0.232918
0.232918
0.232918
0.232918
0.232918
0.232918
0.232918
0.232918
0.232918
0.232918
0.232918
0.232918
0.232918
0.232918
0.232918
0.232918
0.232918
0.232918
0.232918
0.232918
0.232918
0.232918
0.232917895372
0.160793929806
1.25187654631e-05
2.61681335048e-07
1.61098907654e-07
1.49324086374e-07
1.54501928615e-07
1.53622091767e-07
1.4829349917e-07
1.42370620034e-07
1.367927387e-07
1.31597526751e-07
1.2667402441e-07
1.21992725222e-07
1.17640994743e-07
1.13594943107e-07
1.09793957793e-07
1.06362118647e-07
1.03184148537e-07
1.00374967943e-07
9.78268970515e-08
9.56392536502e-08
9.36986475382e-08
9.21052108282e-08
9.07480309062e-08
8.96698109013e-08
8.88605807086e-08
8.8358778561e-08
0.232918
0.232918
0.232918
0.232918
0.232918
0.232918
0.232918
0.232918
0.232918
0.232918
0.232918
0.232918
0.232918
0.232918
0.232918
0.232918
0.232918
0.232918
0.232918
0.232918
0.232918
0.232918
0.232918
0.232918
0.232918
0.232918
0.232918
0.232918
0.232918
0.232918
0.232918
0.232918
0.232918
0.232918
0.232918
0.232918
0.232918
0.232918
0.232918
0.232918
0.232918
0.232918
0.232917911771
0.166954929404
1.34866243269e-05
2.81651627623e-07
1.73187243811e-07
1.64010719073e-07
1.70086354908e-07
1.69158773917e-07
1.63160764877e-07
1.56600470831e-07
1.50381504329e-07
1.44514280495e-07
1.38916782547e-07
1.33705375762e-07
1.28847259758e-07
1.24282537298e-07
1.20136841751e-07
1.16340296816e-07
1.12834663607e-07
1.09739693396e-07
1.0693390452e-07
1.04522790936e-07
1.02384606495e-07
1.00564589617e-07
9.91166602123e-08
9.79112102408e-08
9.69950965248e-08
9.63483539005e-08
0.232918
0.232918
0.232918
0.232918
0.232918
0.232918
0.232918
0.232918
0.232918
0.232918
0.232918
0.232918
0.232918
0.232918
0.232918
0.232918
0.232918
0.232918
0.232918
0.232918
0.232918
0.232918
0.232918
0.232918
0.232918
0.232918
0.232918
0.232918
0.232918
0.232918
0.232918
0.232918
0.232918
0.232918
0.232918
0.232918
0.232918
0.232918
0.232918
0.232918
0.232918
0.232918
0.232917928337
0.172366691746
1.43485799617e-05
3.08075482112e-07
1.87768144873e-07
1.79200727271e-07
1.86793859393e-07
1.86630459052e-07
1.79528147268e-07
1.72037773819e-07
1.64988399908e-07
1.5837212865e-07
1.52167940038e-07
1.46342262972e-07
1.40864935054e-07
1.35845331892e-07
1.31243482949e-07
1.2698188737e-07
1.23184847078e-07
1.19776199843e-07
1.16691670829e-07
1.13979632588e-07
1.11686695906e-07
1.09681313745e-07
1.08064127537e-07
1.06719162929e-07
1.05690976149e-07
1.04934385622e-07
0.232918
0.232918
0.232918
0.232918
0.232918
0.232918
0.232918
0.232918
0.232918
0.232918
0.232918
0.232918
0.232918
0.232918
0.232918
0.232918
0.232918
0.232918
0.232918
0.232918
0.232918
0.232918
0.232918
0.232918
0.232918
0.232918
0.232918
0.232918
0.232918
0.232918
0.232918
0.232918
0.232918
0.232918
0.232918
0.232918
0.232918
0.232918
0.232918
0.232918
0.232918
0.232918
0.232917920708
0.173768020984
1.5060003864e-05
3.33813711732e-07
2.0316961181e-07
1.96014573024e-07
2.05839993036e-07
2.05017884557e-07
1.97242958831e-07
1.88754399603e-07
1.80789419114e-07
1.7334224884e-07
1.66388538869e-07
1.59832003293e-07
1.53811958377e-07
1.48266966165e-07
1.43157282645e-07
1.38475994665e-07
1.342944288e-07
1.30465308734e-07
1.27134574534e-07
1.24164235417e-07
1.21637160445e-07
1.19425035632e-07
1.17646141705e-07
1.16138941549e-07
1.14976536347e-07
1.14101155761e-07
0.232918
0.232918
0.232918
0.232918
0.232918
0.232918
0.232918
0.232918
0.232918
0.232918
0.232918
0.232918
0.232918
0.232918
0.232918
0.232918
0.232918
0.232918
0.232918
0.232918
0.232918
0.232918
0.232918
0.232918
0.232918
0.232918
0.232918
0.232918
0.232918
0.232918
0.232918
0.232918
0.232918
0.232918
0.232918
0.232918
0.232918
0.232918
0.232918
0.232918
0.232918
0.232918
0.232917925158
0.17327267715
1.5481700405e-05
3.63732283564e-07
2.2129500649e-07
2.15507060721e-07
2.26526379519e-07
2.2581113837e-07
2.16557236657e-07
2.06789389623e-07
1.97757164882e-07
1.89361394803e-07
1.81564057026e-07
1.74350506496e-07
1.67662431926e-07
1.61516700497e-07
1.5584786675e-07
1.507341407e-07
1.46151920423e-07
1.41985147452e-07
1.38335048223e-07
1.35051487992e-07
1.32267052215e-07
1.29821728375e-07
1.2783501338e-07
1.26150775994e-07
1.2481679006e-07
1.23857412469e-07
0.232918
0.232918
0.232918
0.232918
0.232918
0.232918
0.232918
0.232918
0.232918
0.232918
0.232918
0.232918
0.232918
0.232918
0.232918
0.232918
0.232918
0.232918
0.232918
0.232918
0.232918
0.232918
0.232918
0.232918
0.232918
0.232918
0.232918
0.232918
0.232918
0.232918
0.232918
0.232918
0.232918
0.232918
0.232918
0.232918
0.232918
0.232918
0.232918
0.232918
0.232918
0.232918
0.23291791134
0.169461251453
1.57569557846e-05
3.9668078189e-07
2.39904024428e-07
2.37370179002e-07
2.49164630898e-07
2.47115281529e-07
2.36959801621e-07
2.2614969602e-07
2.16095322619e-07
2.06711217234e-07
1.97973301983e-07
1.89922305681e-07
1.82500199071e-07
1.75692952004e-07
1.69447367896e-07
1.63859193063e-07
1.58798279125e-07
1.54196762223e-07
1.50201349263e-07
1.46607135664e-07
1.4354369719e-07
1.40852136451e-07
1.38639624701e-07
1.36782930685e-07
1.35267079777e-07
1.34144275518e-07
0.232918
0.232918
0.232918
0.232918
0.232918
0.232918
0.232918
0.232918
0.232918
0.232918
0.232918
0.232918
0.232918
0.232918
0.232918
0.232918
0.232918
0.232918
0.232918
0.232918
0.232918
0.232918
0.232918
0.232918
0.232918
0.232918
0.232918
0.232918
0.232918
0.232918
0.232918
0.232918
0.232918
0.232918
0.232918
0.232918
0.232918
0.232918
0.232918
0.232918
0.232918
0.232918
0.232917877279
0.162600672021
1.57300905965e-05
4.22678329927e-07
2.58882791575e-07
2.61635312619e-07
2.73266548295e-07
2.7164472491e-07
2.59487216084e-07
2.47147471499e-07
2.35802449488e-07
2.25306689942e-07
2.1558692765e-07
2.06605732881e-07
1.98391226627e-07
1.90912086637e-07
1.84014746865e-07
1.77848703225e-07
1.72305536405e-07
1.67299309882e-07
1.62874878669e-07
1.58924190669e-07
1.55549695263e-07
1.52564903234e-07
1.50129011554e-07
1.48009042055e-07
1.46390256025e-07
1.44972203162e-07
0.232918
0.232918
0.232918
0.232918
0.232918
0.232918
0.232918
0.232918
0.232918
0.232918
0.232918
0.232918
0.232918
0.232918
0.232918
0.232918
0.232918
0.232918
0.232918
0.232918
0.232918
0.232918
0.232918
0.232918
0.232918
0.232918
0.232918
0.232918
0.232918
0.232918
0.232918
0.232918
0.232918
0.232918
0.232918
0.232918
0.232918
0.232918
0.232918
0.232918
0.232918
0.232918
0.2329178511
0.154182191873
1.55861696818e-05
4.60793206841e-07
2.83255583506e-07
2.86927102664e-07
3.02446556109e-07
2.97805488625e-07
2.83618643085e-07
2.69709307697e-07
2.57023557008e-07
2.45216195527e-07
2.34344121442e-07
2.24449373942e-07
2.15371504752e-07
2.0710530544e-07
1.99506817568e-07
1.92732285921e-07
1.86653007935e-07
1.81121514192e-07
1.76313285405e-07
1.7208077135e-07
1.68271782951e-07
1.65085295641e-07
1.62265650827e-07
1.59895810246e-07
1.58023888195e-07
1.56356370706e-07
0.232918
0.232918
0.232918
0.232918
0.232918
0.232918
0.232918
0.232918
0.232918
0.232918
0.232918
0.232918
0.232918
0.232918
0.232918
0.232918
0.232918
0.232918
0.232918
0.232918
0.232918
0.232918
0.232918
0.232918
0.232918
0.232918
0.232918
0.232918
0.232918
0.232918
0.232918
0.232918
0.232918
0.232918
0.232918
0.232918
0.232918
0.232918
0.232918
0.232918
0.232918
0.232918
0.232917801233
0.140077383161
1.50807779341e-05
4.88545144096e-07
3.09887979753e-07
3.17896990878e-07
3.32840343734e-07
3.26382642405e-07
3.09914308988e-07
2.94089027438e-07
2.79638901785e-07
2.66576408526e-07
2.54537310054e-07
2.43448260012e-07
2.33411436867e-07
2.24320002033e-07
2.15983612667e-07
2.08558570215e-07
2.0191534768e-07
1.95958911482e-07
1.90600255893e-07
1.85915912885e-07
1.81727784746e-07
1.78161939542e-07
1.75044862455e-07
1.72470578205e-07
1.70232686287e-07
1.68393475313e-07
0.232918
0.232918
0.232918
0.232918
0.232918
0.232918
0.232918
0.232918
0.232918
0.232918
0.232918
0.232918
0.232918
0.232918
0.232918
0.232918
0.232918
0.232918
0.232918
0.232918
0.232918
0.232918
0.232918
0.232918
0.232918
0.232918
0.232918
0.232918
0.232918
0.232918
0.232918
0.232918
0.232918
0.232918
0.232918
0.232918
0.232918
0.232918
0.232918
0.232918
0.232918
0.232918
0.232917731123
0.120568317866
1.45219786154e-05
5.33970648597e-07
3.43321432332e-07
3.50684929663e-07
3.6709808263e-07
3.57790771312e-07
3.38560252623e-07
3.20516964131e-07
3.04313006569e-07
2.89538673164e-07
2.76070467575e-07
2.63826476686e-07
2.52720737039e-07
2.42625794747e-07
2.33595476195e-07
2.25368166797e-07
2.18049755042e-07
2.11570438188e-07
2.05650235431e-07
2.00543706864e-07
1.96038352756e-07
1.91998054271e-07
1.88573092818e-07
1.85564745222e-07
1.83038225832e-07
1.80814684414e-07
0.232918
0.232918
0.232918
0.232918
0.232918
0.232918
0.232918
0.232918
0.232918
0.232918
0.232918
0.232918
0.232918
0.232918
0.232918
0.232918
0.232918
0.232918
0.232918
0.232918
0.232918
0.232918
0.232918
0.232918
0.232918
0.232918
0.232918
0.232918
0.232918
0.232918
0.232918
0.232918
0.232918
0.232918
0.232918
0.232918
0.232918
0.232918
0.232918
0.232918
0.232918
0.232918
0.23291762742
0.0971304393156
1.3543055646e-05
5.67252747376e-07
3.76905809865e-07
3.89344391738e-07
4.04497590536e-07
3.91619666522e-07
3.69428985984e-07
3.49181158794e-07
3.30828489877e-07
3.14243371198e-07
2.99140775187e-07
2.85534491986e-07
2.73254365358e-07
2.6222355334e-07
2.52254101745e-07
2.43322906265e-07
2.35235910985e-07
2.28085679437e-07
2.2173705646e-07
2.15978534786e-07
2.10998257893e-07
2.06640073762e-07
2.02724755109e-07
1.99338811316e-07
1.96495207993e-07
1.93776564793e-07
0.232918
0.232918
0.232918
0.232918
0.232918
0.232918
0.232918
0.232918
0.232918
0.232918
0.232918
0.232918
0.232918
0.232918
0.232918
0.232918
0.232918
0.232918
0.232918
0.232918
0.232918
0.232918
0.232918
0.232918
0.232918
0.232918
0.232918
0.232918
0.232918
0.232918
0.232918
0.232918
0.232918
0.232918
0.232918
0.232918
0.232918
0.232918
0.232918
0.232918
0.232918
0.232918
0.232917485232
0.0669737794259
1.27191099334e-05
6.07109593681e-07
4.195854038e-07
4.32864934326e-07
4.46649587071e-07
4.28965327537e-07
4.03044048005e-07
3.7997739776e-07
3.5928012646e-07
3.40765116752e-07
3.23933580195e-07
3.08811315343e-07
2.95173849864e-07
2.83035102588e-07
2.72086067053e-07
2.62297662948e-07
2.53530930099e-07
2.45581777316e-07
2.38591883774e-07
2.3235115878e-07
2.26739842785e-07
2.218773013e-07
2.17493344626e-07
2.13756649405e-07
2.10372205847e-07
2.07294587076e-07
0.232918
0.232918
0.232918
0.232918
0.232918
0.232918
0.232918
0.232918
0.232918
0.232918
0.232918
0.232918
0.232918
0.232918
0.232918
0.232918
0.232918
0.232918
0.232918
0.232918
0.232918
0.232918
0.232918
0.232918
0.232918
0.232918
0.232918
0.232918
0.232918
0.232918
0.232918
0.232918
0.232918
0.232918
0.232918
0.232918
0.232918
0.232918
0.232918
0.232918
0.232918
0.232918
0.232917295375
0.0319963713514
1.17895949913e-05
6.76513443934e-07
4.67915761361e-07
4.83851214903e-07
4.92848261749e-07
4.6938941696e-07
4.39501268241e-07
4.13349641463e-07
3.90095949698e-07
3.6918940646e-07
3.50489344877e-07
3.33683514266e-07
3.18736934414e-07
3.05227150536e-07
2.93256671315e-07
2.82447499851e-07
2.72806627623e-07
2.64207878819e-07
2.56531511446e-07
2.49592248173e-07
2.43468539775e-07
2.37938762454e-07
2.33093745387e-07
2.28676518185e-07
2.24925367044e-07
2.21207085539e-07
0.232918
0.232918
0.232918
0.232918
0.232918
0.232918
0.232918
0.232918
0.232918
0.232918
0.232918
0.232918
0.232918
0.232918
0.232918
0.232918
0.232918
0.232918
0.232918
0.232918
0.232918
0.232918
0.232918
0.232918
0.232918
0.232918
0.232918
0.232918
0.232918
0.232918
0.232918
0.232918
0.232918
0.232918
0.232918
0.232918
0.232918
0.232918
0.232918
0.232918
0.232918
0.232918
0.232916871815
0.00527899017155
1.12065909792e-05
7.32528606609e-07
5.22666673966e-07
5.42181465698e-07
5.44439152393e-07
5.14067059852e-07
4.79701174814e-07
4.49805386241e-07
4.23511250076e-07
3.9998831985e-07
3.79101215781e-07
3.60609388953e-07
3.43971802914e-07
3.29192570823e-07
3.15907951404e-07
3.04122600948e-07
2.93509186861e-07
2.83896917698e-07
2.7542307477e-07
2.67819873998e-07
2.60929425209e-07
2.54865063753e-07
2.49461124555e-07
2.44464183485e-07
2.40070970311e-07
2.3557502644e-07
0.232918
0.232918
0.232918
0.232918
0.232918
0.232918
0.232918
0.232918
0.232918
0.232918
0.232918
0.232918
0.232918
0.232918
0.232918
0.232918
0.232918
0.232918
0.232918
0.232918
0.232918
0.232918
0.232918
0.232918
0.232918
0.232918
0.232918
0.232918
0.232918
0.232918
0.232918
0.232918
0.232918
0.232918
0.232918
0.232918
0.232918
0.232918
0.232918
0.232918
0.232918
0.232918
0.232913092962
0.000559344892346
1.01538609e-05
7.84388943727e-07
5.96761163596e-07
6.14041531642e-07
6.05517244008e-07
5.64282692103e-07
5.24296342014e-07
4.90163575099e-07
4.60255323563e-07
4.33763614768e-07
4.1048698846e-07
3.89700916337e-07
3.71292592648e-07
3.54868812174e-07
3.40249967706e-07
3.27170648508e-07
3.15538797304e-07
3.05066355449e-07
2.95678570876e-07
2.87107446679e-07
2.79553197801e-07
2.72707764072e-07
2.66392268274e-07
2.60787725947e-07
2.55536740551e-07
2.50387399338e-07
0.232918
0.232918
0.232918
0.232918
0.232918
0.232918
0.232918
0.232918
0.232918
0.232918
0.232918
0.232918
0.232918
0.232918
0.232918
0.232918
0.232918
0.232918
0.232918
0.232918
0.232918
0.232918
0.232918
0.232918
0.232918
0.232918
0.232918
0.232918
0.232918
0.232918
0.232918
0.232918
0.232918
0.232918
0.232918
0.232918
0.232918
0.232918
0.232918
0.232918
0.232918
0.232918
0.232879792979
0.000171294909402
9.61563896974e-06
8.85604063537e-07
6.70109450708e-07
6.93181466467e-07
6.7160649597e-07
6.20794133269e-07
5.74708305326e-07
5.35291587225e-07
5.00988573519e-07
4.70985790848e-07
4.44667993254e-07
4.21550729821e-07
4.01060663063e-07
3.82806961895e-07
3.66613210763e-07
3.52187390035e-07
3.39292526331e-07
3.27723123902e-07
3.17121163079e-07
3.0772485524e-07
2.99218780934e-07
2.91344749347e-07
2.84329205091e-07
2.77712981777e-07
2.717583147e-07
2.65561206741e-07
0.232918
0.232918
0.232918
0.232918
0.232918
0.232918
0.232918
0.232918
0.232918
0.232918
0.232918
0.232918
0.232918
0.232918
0.232918
0.232918
0.232918
0.232918
0.232918
0.232918
0.232918
0.232918
0.232918
0.232918
0.232918
0.232918
0.232918
0.232918
0.232918
0.232918
0.232918
0.232918
0.232918
0.232918
0.232918
0.232918
0.232918
0.232918
0.232918
0.232918
0.232918
0.232918
0.232499914572
9.358235688e-05
8.77056654034e-06
1.0168986416e-06
7.75948515613e-07
7.8968159896e-07
7.48583776172e-07
6.85478990915e-07
6.30850082852e-07
5.85518784772e-07
5.46330255651e-07
5.12205893198e-07
4.8248539432e-07
4.5638049742e-07
4.33496612028e-07
4.13142414613e-07
3.95181535686e-07
3.79099687333e-07
3.64734456139e-07
3.5183907178e-07
3.40196392292e-07
3.29687284584e-07
3.19930303067e-07
3.11182820034e-07
3.03120545875e-07
2.95474305964e-07
2.88466350182e-07
2.81083614563e-07
0.232918
0.232918
0.232918
0.232918
0.232918
0.232918
0.232918
0.232918
0.232918
0.232918
0.232918
0.232918
0.232918
0.232918
0.232918
0.232918
0.232918
0.232918
0.232918
0.232918
0.232918
0.232918
0.232918
0.232918
0.232918
0.232918
0.232918
0.232918
0.232918
0.232918
0.232918
0.232918
0.232918
0.232918
0.232918
0.232918
0.232918
0.232918
0.232918
0.232918
0.232918
0.232918
0.230179413812
6.2167936764e-05
8.37262300705e-06
1.144567081e-06
9.20757888765e-07
9.07135350737e-07
8.39584283447e-07
7.60621912752e-07
6.96831470662e-07
6.43140195306e-07
5.97475782553e-07
5.58510719632e-07
5.24594881794e-07
4.95368643685e-07
4.69623652873e-07
4.46851409665e-07
4.26633281775e-07
4.08630773146e-07
3.9264268716e-07
3.78211761069e-07
3.65131525624e-07
3.53056330879e-07
3.42195033426e-07
3.32208883479e-07
3.22718690741e-07
3.1401016911e-07
3.05740351698e-07
2.96665747992e-07
0.232918
0.232918
0.232918
0.232918
0.232918
0.232918
0.232918
0.232918
0.232918
0.232918
0.232918
0.232918
0.232918
0.232918
0.232918
0.232918
0.232918
0.232918
0.232918
0.232918
0.232918
0.232918
0.232918
0.232918
0.232918
0.232918
0.232918
0.232918
0.232918
0.232918
0.232918
0.232918
0.232918
0.232918
0.232918
0.232918
0.232918
0.232918
0.232918
0.232918
0.232918
0.232918
0.21510252057
4.49849541841e-05
8.07468399505e-06
1.41401201471e-06
1.08645998733e-06
1.0414862599e-06
9.4600142249e-07
8.49204648405e-07
7.72782166264e-07
7.10097290688e-07
6.56479614872e-07
6.11161359169e-07
5.72618381303e-07
5.3903836771e-07
5.09971523726e-07
4.84166373587e-07
4.61555118882e-07
4.41501313697e-07
4.23279872728e-07
4.06989330332e-07
3.91982077251e-07
3.7846739739e-07
3.66051159107e-07
3.54557462894e-07
3.43522381301e-07
3.33305523687e-07
3.23465734203e-07
3.12576685996e-07
0.232918
0.232918
0.232918
0.232918
0.232918
0.232918
0.232918
0.232918
0.232918
0.232918
0.232918
0.232918
0.232918
0.232918
0.232918
0.232918
0.232918
0.232918
0.232918
0.232918
0.232918
0.232918
0.232918
0.232918
0.232918
0.232918
0.232918
0.232918
0.232918
0.232918
0.232918
0.232918
0.232918
0.232918
0.232918
0.232918
0.232918
0.232918
0.232918
0.232918
0.232918
0.232917879931
0.182808672214
3.54763087624e-05
8.07861132377e-06
1.72621936084e-06
1.33104865685e-06
1.22358033133e-06
1.08101365109e-06
9.58974283613e-07
8.65425961919e-07
7.88621838954e-07
7.25624012931e-07
6.72813773693e-07
6.28228180744e-07
5.89580080955e-07
5.55768848877e-07
5.26550634075e-07
5.00886539516e-07
4.77832429556e-07
4.56988413785e-07
4.3842413463e-07
4.2146432242e-07
4.06018002714e-07
3.91731649897e-07
3.78105281909e-07
3.65529480635e-07
3.53408782826e-07
3.41353753085e-07
3.28512558088e-07
0.232918
0.232918
0.232918
0.232918
0.232918
0.232918
0.232918
0.232918
0.232918
0.232918
0.232918
0.232918
0.232918
0.232918
0.232918
0.232918
0.232918
0.232918
0.232918
0.232918
0.232918
0.232918
0.232918
0.232918
0.232918
0.232918
0.232918
0.232918
0.232918
0.232918
0.232918
0.232918
0.232918
0.232918
0.232918
0.232918
0.232918
0.232918
0.232918
0.232918
0.232918
0.232917685102
0.140756928655
3.07698732254e-05
8.57322618614e-06
2.18672692626e-06
1.65269340882e-06
1.45854035549e-06
1.25658065731e-06
1.10096672645e-06
9.8190802003e-07
8.87431096424e-07
8.11082054387e-07
7.47273464648e-07
6.94186315823e-07
6.48640022642e-07
6.09698064464e-07
5.75419731606e-07
5.45742433997e-07
5.19229549046e-07
4.95391235264e-07
4.73957625398e-07
4.5433689777e-07
4.36413476084e-07
4.19721704294e-07
4.03669828383e-07
3.88705926952e-07
3.74269331444e-07
3.59738855627e-07
3.44175700548e-07
0.232918
0.232918
0.232918
0.232918
0.232918
0.232918
0.232918
0.232918
0.232918
0.232918
0.232918
0.232918
0.232918
0.232918
0.232918
0.232918
0.232918
0.232918
0.232918
0.232918
0.232918
0.232918
0.232918
0.232918
0.232918
0.232918
0.232918
0.232918
0.232918
0.232918
0.232918
0.232918
0.232918
0.232918
0.232918
0.232918
0.232918
0.232918
0.232918
0.232918
0.232918
0.232917447382
0.0950159842401
2.77628387143e-05
9.22828131775e-06
3.15053456277e-06
2.22361971523e-06
1.81464431703e-06
1.50950024801e-06
1.2931422032e-06
1.13537081335e-06
1.01435709703e-06
9.16977389229e-07
8.39364127295e-07
7.74674982094e-07
7.20627127774e-07
6.74032298128e-07
6.33948995361e-07
5.98543961985e-07
5.67210759065e-07
5.39355902237e-07
5.14191593299e-07
4.91314717939e-07
4.701130002e-07
4.50341895211e-07
4.3128779023e-07
4.13371382564e-07
3.95937723551e-07
3.78656781702e-07
3.59848618137e-07
0.232918
0.232918
0.232918
0.232918
0.232918
0.232918
0.232918
0.232918
0.232918
0.232918
0.232918
0.232918
0.232918
0.232918
0.232918
0.232918
0.232918
0.232918
0.232918
0.232918
0.232918
0.232918
0.232918
0.232918
0.232918
0.232918
0.232918
0.232918
0.232918
0.232918
0.232918
0.232918
0.232918
0.232918
0.232918
0.232918
0.232918
0.232918
0.232918
0.232918
0.232918
0.232917139942
0.0647009316981
2.70946107469e-05
1.05012116169e-05
4.55631865604e-06
3.02800387344e-06
2.34653910886e-06
1.87395242851e-06
1.57022294714e-06
1.34820757633e-06
1.18414905872e-06
1.05801348468e-06
9.58685765474e-07
8.77117880878e-07
8.09533968018e-07
7.54034305206e-07
7.04754958515e-07
6.61855838275e-07
6.24660184977e-07
5.91220449033e-07
5.61064051611e-07
5.33543778751e-07
5.08075022571e-07
4.84336571117e-07
4.6135655162e-07
4.39782944921e-07
4.18643852709e-07
3.97662897154e-07
3.74629363124e-07
0.232918
0.232918
0.232918
0.232918
0.232918
0.232918
0.232918
0.232918
0.232918
0.232918
0.232918
0.232918
0.232918
0.232918
0.232918
0.232918
0.232918
0.232918
0.232918
0.232918
0.232918
0.232918
0.232918
0.232918
0.232918
0.232918
0.232918
0.232918
0.232918
0.232918
0.232918
0.232918
0.232918
0.232918
0.232918
0.232918
0.232918
0.232918
0.232918
0.232918
0.232918
0.232916158465
0.0345446397328
2.73372726792e-05
1.19519213825e-05
6.65256290538e-06
4.43616450385e-06
3.24599725876e-06
2.48560771754e-06
2.00056189978e-06
1.66498783364e-06
1.43096338391e-06
1.25712025139e-06
1.12240285811e-06
1.01438817265e-06
9.27245136284e-07
8.5478332156e-07
7.9420796742e-07
7.40848923734e-07
6.94327700849e-07
6.53229532724e-07
6.16354028262e-07
5.82700069666e-07
5.51604890521e-07
5.22168059917e-07
4.94593713293e-07
4.68205567361e-07
4.42426859294e-07
4.16487621042e-07
3.88361421881e-07
0.232918
0.232918
0.232918
0.232918
0.232918
0.232918
0.232918
0.232918
0.232918
0.232918
0.232918
0.232918
0.232918
0.232918
0.232918
0.232918
0.232918
0.232918
0.232918
0.232918
0.232918
0.232918
0.232918
0.232918
0.232918
0.232918
0.232918
0.232918
0.232918
0.232918
0.232918
0.232918
0.232918
0.232918
0.232918
0.232918
0.232918
0.232918
0.232918
0.232918
0.232918
0.232914173941
0.0268889372235
2.91459195793e-05
1.41162331126e-05
9.31182088246e-06
7.00430610362e-06
4.86947130393e-06
3.60187274695e-06
2.7354782684e-06
2.17971930781e-06
1.81581525311e-06
1.55534925767e-06
1.36129830676e-06
1.21209993846e-06
1.09210384985e-06
9.9318974519e-07
9.12211352159e-07
8.44163719305e-07
7.84211553775e-07
7.316425662e-07
6.84234021274e-07
6.42491413618e-07
6.03732199671e-07
5.66732502057e-07
5.32513751041e-07
4.99583638591e-07
4.67312104925e-07
4.35171652456e-07
4.00476282387e-07
0.232918
0.232918
0.232918
0.232918
0.232918
0.232918
0.232918
0.232918
0.232918
0.232918
0.232918
0.232918
0.232918
0.232918
0.232918
0.232918
0.232918
0.232918
0.232918
0.232918
0.232918
0.232918
0.232918
0.232918
0.232918
0.232918
0.232918
0.232918
0.232918
0.232918
0.232918
0.232918
0.232918
0.232918
0.232918
0.232918
0.232918
0.232918
0.232918
0.232918
0.232918
0.232913707189
0.0274985256783
3.25657270511e-05
1.64237915143e-05
1.24403815697e-05
1.02351075684e-05
7.68430977811e-06
5.56207548207e-06
4.13743450612e-06
3.16745746965e-06
2.49379501911e-06
2.06380452581e-06
1.7494706373e-06
1.51234100001e-06
1.33522284376e-06
1.1977405967e-06
1.08128899172e-06
9.8358534981e-07
9.04339558017e-07
8.34686440178e-07
7.72749161771e-07
7.18108567662e-07
6.68015240399e-07
6.20495514388e-07
5.76713290161e-07
5.34626304955e-07
4.93600855678e-07
4.53348914211e-07
4.10505379845e-07
0.232918
0.232918
0.232918
0.232918
0.232918
0.232918
0.232918
0.232918
0.232918
0.232918
0.232918
0.232918
0.232918
0.232918
0.232918
0.232918
0.232918
0.232918
0.232918
0.232918
0.232918
0.232918
0.232918
0.232918
0.232918
0.232918
0.232918
0.232918
0.232918
0.232918
0.232918
0.232918
0.232918
0.232918
0.232918
0.232918
0.232918
0.232918
0.232918
0.232918
0.232918
0.232914092108
0.0329296060226
3.59099579345e-05
1.99688856837e-05
1.56405922829e-05
1.36373737995e-05
1.07213585397e-05
8.29012394214e-06
6.33830368998e-06
4.80205657624e-06
3.75190524799e-06
2.97915381836e-06
2.41317771925e-06
2.02850451058e-06
1.73598475931e-06
1.51533987901e-06
1.33941983376e-06
1.1961266341e-06
1.07728150628e-06
9.77115408575e-07
8.93961387203e-07
8.18168925669e-07
7.50162468186e-07
6.86536287588e-07
6.28615497246e-07
5.74080306796e-07
5.21758564818e-07
4.70574153491e-07
4.17688727798e-07
0.232918
0.232918
0.232918
0.232918
0.232918
0.232918
0.232918
0.232918
0.232918
0.232918
0.232918
0.232918
0.232918
0.232918
0.232918
0.232918
0.232918
0.232918
0.232918
0.232918
0.232918
0.232918
0.232918
0.232918
0.232918
0.232918
0.232918
0.232918
0.232918
0.232918
0.232918
0.232918
0.232918
0.232918
0.232918
0.232918
0.232918
0.232918
0.232918
0.232918
0.232918
0.232913542248
0.0342557087561
4.05682054834e-05
2.28821156849e-05
1.91559274577e-05
1.73826507762e-05
1.41467550121e-05
1.14163553869e-05
9.15623266305e-06
7.22198937386e-06
5.79900151043e-06
4.60996404877e-06
3.6802016679e-06
2.9912355263e-06
2.47505369924e-06
2.0807592927e-06
1.77748050193e-06
1.54291604666e-06
1.35129160396e-06
1.19653590237e-06
1.0667725412e-06
9.56452100759e-07
8.60033138074e-07
7.72992911875e-07
6.93668682608e-07
6.19928909562e-07
5.5126703769e-07
4.8640244429e-07
4.20879157141e-07
0.232918
0.232918
0.232918
0.232918
0.232918
0.232918
0.232918
0.232918
0.232918
0.232918
0.232918
0.232918
0.232918
0.232918
0.232918
0.232918
0.232918
0.232918
0.232918
0.232918
0.232918
0.232918
0.232918
0.232918
0.232918
0.232918
0.232918
0.232918
0.232918
0.232918
0.232918
0.232918
0.232918
0.232918
0.232918
0.232918
0.232918
0.232918
0.232918
0.232918
0.232918
0.232912733895
0.0383895828821
4.59601896451e-05
2.70757945655e-05
2.38134851759e-05
2.13039389482e-05
1.76118141266e-05
1.44943443102e-05
1.20369786687e-05
9.97688519566e-06
8.21713522286e-06
6.8814886957e-06
5.62075199985e-06
4.60808963108e-06
3.77696844997e-06
3.13148147866e-06
2.58711295414e-06
2.16167633898e-06
1.82432836798e-06
1.56220959549e-06
1.34874388452e-06
1.17136892202e-06
1.0211455938e-06
8.91155375603e-07
7.77290731498e-07
6.75674860117e-07
5.83505284464e-07
4.99973045032e-07
4.19508153041e-07
0.232918
0.232918
0.232918
0.232918
0.232918
0.232918
0.232918
0.232918
0.232918
0.232918
0.232918
0.232918
0.232918
0.232918
0.232918
0.232918
0.232918
0.232918
0.232918
0.232918
0.232918
0.232918
0.232918
0.232918
0.232918
0.232918
0.232918
0.232918
0.232918
0.232918
0.232918
0.232918
0.232918
0.232918
0.232918
0.232918
0.232918
0.232918
0.232918
0.232918
0.232918
0.232910916405
0.0316633053177
5.08389132572e-05
3.25297779097e-05
2.84095132516e-05
2.64738355982e-05
2.11209883432e-05
1.76569578545e-05
1.499235825e-05
1.26983406767e-05
1.0935638474e-05
9.30274839812e-06
7.94272531435e-06
6.74458750438e-06
5.68689589109e-06
4.77281438002e-06
3.97086201283e-06
3.23979237989e-06
2.69396924548e-06
2.21226119532e-06
1.82443464824e-06
1.52875053063e-06
1.27287049899e-06
1.06374169829e-06
8.90459387452e-07
7.4347070143e-07
6.1875157009e-07
5.10710974677e-07
4.12832717164e-07
0.232918
0.232918
0.232918
0.232918
0.232918
0.232918
0.232918
0.232918
0.232918
0.232918
0.232918
0.232918
0.232918
0.232918
0.232918
0.232918
0.232918
0.232918
0.232918
0.232918
0.232918
0.232918
0.232918
0.232918
0.232918
0.232918
0.232918
0.232918
0.232918
0.232918
0.232918
0.232918
0.232918
0.232918
0.232918
0.232918
0.232918
0.232918
0.232918
0.232918
0.232918
0.232859713591
0.0139368673497
5.70992399732e-05
3.75660005167e-05
3.48097452179e-05
3.12027332445e-05
2.55388783557e-05
2.07487063577e-05
1.80353329819e-05
1.55837215809e-05
1.34719045748e-05
1.17703518134e-05
1.028088431e-05
8.95646438893e-06
7.79663404858e-06
6.73720778307e-06
5.77857357107e-06
4.850479425e-06
4.04430375057e-06
3.30646955012e-06
2.66940669785e-06
2.12246835472e-06
1.66787495096e-06
1.32978280257e-06
1.04884733485e-06
8.28888558104e-07
6.55775972641e-07
5.16956701474e-07
3.99611553477e-07
0.232918
0.232918
0.232918
0.232918
0.232918
0.232918
0.232918
0.232918
0.232918
0.232918
0.232918
0.232918
0.232918
0.232918
0.232918
0.232918
0.232918
0.232918
0.232918
0.232918
0.232918
0.232918
0.232918
0.232918
0.232918
0.232918
0.232918
0.232918
0.232918
0.232918
0.232918
0.232918
0.232918
0.232918
0.232918
0.232918
0.232918
0.232918
0.232918
0.232918
0.232918
0.232245608824
0.00264737270077
6.24877867331e-05
4.40361106579e-05
4.14533950123e-05
3.64960776296e-05
2.86822177294e-05
2.42778831623e-05
2.1363929106e-05
1.81791617718e-05
1.58338708817e-05
1.40538372723e-05
1.24786124124e-05
1.10791426196e-05
9.77568573416e-06
8.63918193833e-06
7.58967780249e-06
6.58132405832e-06
5.67506603842e-06
4.77617731349e-06
3.88570699727e-06
3.04989960131e-06
2.33428570294e-06
1.72421766229e-06
1.26000071919e-06
9.26068548631e-07
6.92138773369e-07
5.15206153549e-07
3.78419610704e-07
0.232918
0.232918
0.232918
0.232918
0.232918
0.232918
0.232918
0.232918
0.232918
0.232918
0.232918
0.232918
0.232918
0.232918
0.232918
0.232918
0.232918
0.232918
0.232918
0.232918
0.232918
0.232918
0.232918
0.232918
0.232918
0.232918
0.232918
0.232918
0.232918
0.232918
0.232918
0.232918
0.232918
0.232918
0.232918
0.232918
0.232918
0.232918
0.232918
0.232918
0.232917996331
0.223948762202
0.000439595925955
6.66750979171e-05
5.15660104851e-05
4.91099884872e-05
4.19175742699e-05
3.27203553289e-05
2.81895784469e-05
2.46005662629e-05
2.10862660753e-05
1.84110778602e-05
1.64778329763e-05
1.45930681062e-05
1.29987336139e-05
1.16414894313e-05
1.04413352305e-05
9.26577232555e-06
8.23300792567e-06
7.19793133188e-06
6.1855016377e-06
5.21710936483e-06
4.20322621742e-06
3.19907337085e-06
2.27593850943e-06
1.55654149367e-06
1.0407982713e-06
7.08950688941e-07
4.94841982055e-07
3.48568791104e-07
0.232918
0.232918
0.232918
0.232918
0.232918
0.232918
0.232918
0.232918
0.232918
0.232918
0.232918
0.232918
0.232918
0.232918
0.232918
0.232918
0.232918
0.232918
0.232918
0.232918
0.232918
0.232918
0.232918
0.232918
0.232918
0.232918
0.232918
0.232918
0.232918
0.232918
0.232918
0.232918
0.232918
0.232918
0.232918
0.232918
0.232918
0.232918
0.232918
0.232918
0.232917624441
0.170708572608
0.000212752607202
7.42978853682e-05
6.46752336019e-05
5.72474133872e-05
4.60004512006e-05
3.83919130535e-05
3.18834225202e-05
2.79210721703e-05
2.32251155609e-05
2.07596171952e-05
1.8750380743e-05
1.66479867829e-05
1.48296787673e-05
1.34198173559e-05
1.20593340107e-05
1.08118693918e-05
9.69213565917e-06
8.57154002051e-06
7.47512351602e-06
6.35817837553e-06
5.22033887572e-06
4.11565225122e-06
2.93847225211e-06
1.8677668132e-06
1.14766359533e-06
7.1069151332e-07
4.62906162859e-07
3.05409691183e-07
0.232918
0.232918
0.232918
0.232918
0.232918
0.232918
0.232918
0.232918
0.232918
0.232918
0.232918
0.232918
0.232918
0.232918
0.232918
0.232918
0.232918
0.232918
0.232918
0.232918
0.232918
0.232918
0.232918
0.232918
0.232918
0.232918
0.232918
0.232918
0.232918
0.232918
0.232918
0.232918
0.232918
0.232918
0.232918
0.232918
0.232918
0.232918
0.232918
0.232918
0.232909548005
0.0746962448058
0.000147922374409
8.67239634136e-05
7.88443909901e-05
6.58934915872e-05
5.1501518076e-05
4.09739454862e-05
3.59085442168e-05
3.06703559265e-05
2.58862169598e-05
2.32106814092e-05
2.09717955821e-05
1.85283657199e-05
1.65354426134e-05
1.49921225842e-05
1.35397312513e-05
1.21502680635e-05
1.09637511695e-05
9.73245182974e-06
8.52426673399e-06
7.31870891412e-06
6.07048392378e-06
4.7615829805e-06
3.4161750475e-06
2.14216688425e-06
1.16983184756e-06
6.58819842782e-07
4.0441646553e-07
2.60799337995e-07
0.232918
0.232918
0.232918
0.232918
0.232918
0.232918
0.232918
0.232918
0.232918
0.232918
0.232918
0.232918
0.232918
0.232918
0.232918
0.232918
0.232918
0.232918
0.232918
0.232918
0.232918
0.232918
0.232918
0.232918
0.232918
0.232918
0.232918
0.232918
0.232918
0.232918
0.232918
0.232918
0.232918
0.232918
0.232918
0.232918
0.232918
0.232918
0.232918
0.232917917102
0.220924306701
0.00360077241586
0.000145765406243
0.000101711676883
8.98479048342e-05
7.17886843952e-05
6.1379621846e-05
4.35148152422e-05
4.14997019239e-05
3.27529967619e-05
2.79839619087e-05
2.55968043775e-05
2.30199821945e-05
2.01136663114e-05
1.80207975496e-05
1.64562091418e-05
1.48070856616e-05
1.3375191703e-05
1.1951968906e-05
1.06484732148e-05
9.30932718656e-06
8.0011675705e-06
6.62027702983e-06
5.18416371521e-06
3.68061295619e-06
2.1752966581e-06
1.11647393444e-06
5.79190468591e-07
3.40478096883e-07
2.08884696057e-07
0.232918
0.232918
0.232918
0.232918
0.232918
0.232918
0.232918
0.232918
0.232918
0.232918
0.232918
0.232918
0.232918
0.232918
0.232918
0.232918
0.232918
0.232918
0.232918
0.232918
0.232918
0.232918
0.232918
0.232918
0.232918
0.232918
0.232918
0.232918
0.232918
0.232918
0.232918
0.232918
0.232918
0.232918
0.232918
0.232918
0.232918
0.232918
0.232918
0.232911742582
0.11311047676
0.000388735642084
0.000150656224055
0.000126614483588
0.00010023333394
7.85151426703e-05
5.86352246136e-05
4.99769230937e-05
4.45519444281e-05
3.4943516292e-05
2.94313158077e-05
2.80289849768e-05
2.45478105699e-05
2.14050242099e-05
1.9413242002e-05
1.76210584327e-05
1.58982449601e-05
1.42441179755e-05
1.27356516023e-05
1.12945008706e-05
9.79851245538e-06
8.33089197476e-06
6.81741081291e-06
5.26375072429e-06
3.64006394745e-06
2.02167115321e-06
9.0528634289e-07
4.52770188813e-07
2.63461695482e-07
1.60289874062e-07
0.232918
0.232918
0.232918
0.232918
0.232918
0.232918
0.232918
0.232918
0.232918
0.232918
0.232918
0.232918
0.232918
0.232918
0.232918
0.232918
0.232918
0.232918
0.232918
0.232918
0.232918
0.232918
0.232918
0.232918
0.232918
0.232918
0.232918
0.232918
0.232918
0.232918
0.232918
0.232918
0.232918
0.232918
0.232918
0.232918
0.232918
0.232918
0.232917696103
0.206299448174
0.00763015119038
0.000276332635016
0.000180246145739
0.000140239633949
0.00011535680409
8.9879431476e-05
6.10353790864e-05
5.73085669701e-05
4.56810233503e-05
3.42083797955e-05
3.12723203907e-05
3.0145253659e-05
2.51937328871e-05
2.2462008223e-05
2.06398341516e-05
1.85899123622e-05
1.65538790361e-05
1.4858181656e-05
1.31665799202e-05
1.150183135e-05
9.89061341194e-06
8.27250995062e-06
6.65752659628e-06
4.99289669765e-06
3.29186312204e-06
1.65263976512e-06
6.82129899922e-07
3.43240317634e-07
1.93753501923e-07
1.18550998072e-07
0.232918
0.232918
0.232918
0.232918
0.232918
0.232918
0.232918
0.232918
0.232918
0.232918
0.232918
0.232918
0.232918
0.232918
0.232918
0.232918
0.232918
0.232918
0.232918
0.232918
0.232918
0.232918
0.232918
0.232918
0.232918
0.232918
0.232918
0.232918
0.232918
0.232918
0.232918
0.232918
0.232918
0.232918
0.232918
0.232918
0.232918
0.232918
0.231826763758
0.0697124587875
0.000719737191619
0.000275859477978
0.000209843262214
0.000159793575637
0.000118250047593
9.11103802295e-05
6.88899171124e-05
5.96535143128e-05
4.40687409462e-05
3.5406644575e-05
3.29483720256e-05
3.12946636947e-05
2.5783373919e-05
2.34685808613e-05
2.15242932346e-05
1.90207876135e-05
1.68909823601e-05
1.49991580216e-05
1.31180583887e-05
1.12972177663e-05
9.53803490484e-06
7.81297527437e-06
5.98528192427e-06
4.25811223884e-06
2.51510973698e-06
1.04960430756e-06
4.39914674431e-07
2.37386114019e-07
1.45945595372e-07
8.51105600768e-08
0.232918
0.232918
0.232918
0.232918
0.232918
0.232918
0.232918
0.232918
0.232918
0.232918
0.232918
0.232918
0.232918
0.232918
0.232918
0.232918
0.232918
0.232918
0.232918
0.232918
0.232918
0.232918
0.232918
0.232918
0.232918
0.232918
0.232918
0.232918
0.232918
0.232918
0.232918
0.232918
0.232918
0.232918
0.232918
0.232918
0.232918
0.232853470135
0.124903961822
0.00382666913126
0.000476387174907
0.000332927407069
0.000235728867925
0.000190247787249
0.00013230535653
9.36749298092e-05
7.2920112738e-05
5.81895830544e-05
4.43806507687e-05
3.61109716958e-05
3.38802873007e-05
3.18767849368e-05
2.60503824381e-05
2.38902893651e-05
2.17821726678e-05
1.89530698258e-05
1.66605010007e-05
1.46193684324e-05
1.25259051383e-05
1.05910087439e-05
8.7455056214e-06
6.82740792327e-06
5.07821127885e-06
3.37271064733e-06
1.70709558437e-06
6.35801114335e-07
2.70557103362e-07
1.59426819994e-07
9.54735619909e-08
6.11435312002e-08
0.232918
0.232918
0.232918
0.232918
0.232918
0.232918
0.232918
0.232918
0.232918
0.232918
0.232918
0.232918
0.232918
0.232918
0.232918
0.232918
0.232918
0.232918
0.232918
0.232918
0.232918
0.232918
0.232918
0.232918
0.232918
0.232918
0.232918
0.232918
0.232918
0.232918
0.232918
0.232918
0.232918
0.232918
0.232918
0.232918
0.232911942277
0.16214119932
0.0155154717306
0.000990893022762
0.000570110053145
0.000407197944167
0.000285476228586
0.000207474938401
0.000128778627178
9.63104812402e-05
7.28158406364e-05
5.53504128424e-05
4.43181627206e-05
3.75705415723e-05
3.28641189462e-05
3.19023669799e-05
2.70073393295e-05
2.35921664943e-05
2.12629297155e-05
1.8167644236e-05
1.58804262237e-05
1.35802534147e-05
1.13485276842e-05
9.43933634516e-06
7.40661699597e-06
5.63878222851e-06
3.97356000323e-06
2.38824320919e-06
8.24025920495e-07
3.3741660013e-07
1.88216679049e-07
1.06728552249e-07
6.5104005652e-08
4.4148995514e-08
0.232918
0.232918
0.232918
0.232918
0.232918
0.232918
0.232918
0.232918
0.232918
0.232918
0.232918
0.232918
0.232918
0.232918
0.232918
0.232918
0.232918
0.232918
0.232918
0.232918
0.232918
0.232918
0.232918
0.232918
0.232918
0.232918
0.232918
0.232918
0.232918
0.232918
0.232918
0.232918
0.232918
0.232918
0.232918
0.232913461345
0.172322818404
0.037865993194
0.00554032224572
0.00126861179097
0.000674537616883
0.000507440658831
0.000314019942497
0.000213188419755
0.0001299548024
9.33852756482e-05
7.04434056795e-05
5.33384890076e-05
4.35153193059e-05
3.75036563359e-05
3.21092045424e-05
3.10009116469e-05
2.69627322715e-05
2.22722142903e-05
1.95624350678e-05
1.67666740657e-05
1.44187076156e-05
1.18637080269e-05
9.72672386343e-06
7.75336344759e-06
5.93351149757e-06
4.34896571898e-06
2.58334173796e-06
1.18040222882e-06
3.55090058356e-07
1.90294130948e-07
1.05893333832e-07
7.46701431215e-08
4.59789511208e-08
2.6701412727e-08
0.232918
0.232918
0.232918
0.232918
0.232918
0.232918
0.232918
0.232918
0.232918
0.232918
0.232918
0.232918
0.232918
0.232918
0.232918
0.232918
0.232918
0.232918
0.232918
0.232918
0.232918
0.232918
0.232918
0.232918
0.232918
0.232918
0.232918
0.232918
0.232918
0.232918
0.232918
0.232918
0.232918
0.232918
0.232911329816
0.172936851619
0.0597161311882
0.0184504026919
0.00435253240672
0.00152467969971
0.00121615805189
0.000544185074547
0.000280705218425
0.000198836633953
0.000128515387723
8.79054126395e-05
6.67808170738e-05
5.12479503875e-05
4.15621818239e-05
3.62340678543e-05
3.10262161763e-05
2.90953086521e-05
2.5253048826e-05
1.95981974681e-05
1.70754982249e-05
1.45748430915e-05
1.21943331818e-05
9.70670298785e-06
7.69436592331e-06
6.07596497871e-06
4.18766503411e-06
2.797899248e-06
1.1862277226e-06
4.46678868612e-07
1.76702982953e-07
1.17278483716e-07
6.92720301448e-08
4.2674206612e-08
2.64858949101e-08
2.11416966312e-08
0.232918
0.232918
0.232918
0.232918
0.232918
0.232918
0.232918
0.232918
0.232918
0.232918
0.232918
0.232918
0.232918
0.232918
0.232918
0.232918
0.232918
0.232918
0.232918
0.232918
0.232918
0.232918
0.232918
0.232918
0.232918
0.232918
0.232918
0.232918
0.232918
0.232918
0.232918
0.232918
0.232918
0.232810993373
0.168976247759
0.0983946051007
0.0504765803415
0.0182635504666
0.00762577480517
0.00193452484003
0.000798232915553
0.000454905541433
0.000266475324739
0.00017991691029
0.000121708772569
8.55469135412e-05
6.17516137616e-05
4.74020888023e-05
3.9085445197e-05
3.36015163124e-05
2.89023146e-05
2.62838351213e-05
2.19122581238e-05
1.6827027608e-05
1.43321808008e-05
1.21222652864e-05
9.62484404396e-06
7.34043901278e-06
6.02730536592e-06
4.16861647611e-06
2.90999662225e-06
1.3865287372e-06
3.82195923109e-07
2.09881839995e-07
1.05242194009e-07
6.17009994781e-08
3.89226014291e-08
3.36575981078e-08
2.14676019118e-08
1.25086275262e-08
0.232918
0.232918
0.232918
0.232918
0.232918
0.232918
0.232918
0.232918
0.232918
0.232918
0.232918
0.232918
0.232918
0.232918
0.232918
0.232918
0.232918
0.232918
0.232918
0.232918
0.232918
0.232918
0.232918
0.232918
0.232918
0.232918
0.232918
0.232918
0.232918
0.232918
0.232918
0.232918
0.232918
0.232918
0.232918
0.232918
0.232918
0.232918
0.232918
0.232918
0.232918
0.232918
0.232918
0.232918
0.232918
0.232918
0.232918
0.232918
0.232918
0.232918
0.232918
0.232918
0.232918
0.232918
0.232918
0.232918
0.232918
0.232918
0.232918
0.232918
0.232918
0.232918
0.232918
0.232918
0.232918
0.232918
0.232918
0.232918
0.232918
0.232918
0.232918
0.232918
0.232918
0.232918
0.232918
0.232918
0.232918
0.232918
0.232918
0.232918
0.232918
0.232918
0.232918
0.232918
0.232918
0.232918
0.232918
0.232918
0.232918
0.232918
0.232918
0.232918
0.232918
0.232918
0.232918
0.232918
0.232918
0.232918
0.232918
0.232918
0.232918
0.232918
0.232918
0.232918
0.232918
0.232918
0.232918
0.232918
0.232918
0.232918
0.232918
0.232918
0.232918
0.232918
0.232918
0.232918
0.232918
0.232918
0.232918
0.232918
0.232918
0.232918
0.232918
0.232918
0.232918
0.232918
0.232918
0.232918
0.232918
0.232918
0.232918
0.232918
0.232918
0.232918
0.232918
0.232918
0.232918
0.232918
0.232918
0.232918
0.232918
0.232918
0.232918
0.232918
0.232918
0.232918
0.232918
0.232918
0.232918
0.232918
0.232918
0.232918
0.232918
0.232918
0.232918
0.232918
0.232918
0.232918
0.232918
0.232918
0.232918
0.232918
0.232918
0.232918
0.232918
0.232918
0.232918
0.232918
0.232918
0.232918
0.232918
0.232918
0.232918
0.232918
0.232918
0.232918
0.232918
0.232918
0.232918
0.232918
0.232918
0.232918
0.232918
0.232918
0.232918
0.232918
0.232918
0.232918
0.232918
0.232918
0.232918
0.232918
0.232918
0.232918
0.232918
0.232918
0.232918
0.232918
0.232918
0.232918
0.232918
0.232918
0.232918
0.232918
0.232918
0.232918
0.232918
0.232918
0.232918
0.232918
0.232918
0.232918
0.232918
0.232918
0.232918
0.232918
0.232918
0.232918
0.232918
0.232918
0.232918
0.232918
0.232918
0.232918
0.232918
0.232918
0.232918
0.232918
0.232918
0.232918
0.232918
0.232918
0.232918
0.232918
0.232918
0.232918
0.232918
0.232918
0.232918
0.232918
0.232918
0.232918
0.232918
0.232918
0.232918
0.232918
0.232918
0.232918
0.232918
0.232918
0.232918
0.232918
0.232918
0.232918
0.232918
0.232918
0.232918
0.232918
0.232918
0.232918
0.232918
0.232918
0.232918
0.232918
0.232918
0.232918
0.232918
0.232918
0.232918
0.232918
0.232918
0.232918
0.232918
0.232918
0.232918
0.232918
0.232918
0.232918
0.232918
0.232918
0.232918
0.232918
0.232918
0.232918
0.232918
0.232918
0.232918
0.232918
0.232918
0.232918
0.232918
0.232918
0.232918
0.232918
0.232918
0.232918
0.232918
0.232918
0.232918
0.232918
0.232918
0.232918
0.232918
0.232918
0.232918
0.232918
0.232918
0.232918
0.232918
0.232918
0.232918
0.232918
0.232918
0.232918
0.232918
0.232918
0.232918
0.232918
0.232918
0.232918
0.232918
0.232918
0.232918
0.232918
0.232918
0.232918
0.232918
0.232918
0.232918
0.232918
0.232918
0.232918
0.232918
0.232918
0.232918
0.232918
0.232918
0.232918
0.232918
0.232918
0.232918
0.232918
0.232918
0.232918
0.232918
0.232918
0.232918
0.232918
0.232918
0.232918
0.232918
0.232918
0.232918
0.232918
0.232918
0.232918
0.232918
0.232918
0.232918
0.232918
0.232918
0.232918
0.232918
0.232918
0.232918
0.232918
0.232918
0.232918
0.232918
0.232918
0.232918
0.232918
0.232918
0.232918
0.232918
0.232918
0.232918
0.232918
0.232918
0.232918
0.232918
0.232918
0.232918
0.232918
0.232918
0.232918
0.232918
0.232918
0.232918
0.232918
0.232918
0.232918
0.232918
0.232918
0.232918
0.232918
0.232918
0.232918
0.232918
0.232918
0.232918
0.232918
0.232918
0.232918
0.232918
0.232918
0.232918
0.232918
0.232918
0.232918
0.232918
0.232918
0.232918
0.232918
0.232918
0.232918
0.232918
0.232918
0.232918
0.232918
0.232918
0.232918
0.232918
0.232918
0.232918
0.232918
0.232918
0.232918
0.232918
0.232918
0.232918
0.232918
0.232918
0.232918
0.232918
0.232918
0.232918
0.232918
0.232918
0.232918
0.232918
0.232918
0.232918
0.232918
0.232918
0.232918
0.232918
0.232918
0.232918
0.232918
0.232918
0.232918
0.232918
0.232918
0.232918
0.232918
0.232918
0.232918
0.232918
0.232918
0.232918
0.232918
0.232918
0.232918
0.232918
0.232918
0.232918
0.232918
0.232918
0.232918
0.232918
0.232918
0.232918
0.232918
0.232918
0.232918
0.232918
0.232918
0.232918
0.232918
0.232918
0.232918
0.232918
0.232918
0.232918
0.232918
0.232918
0.232918
0.232918
0.232918
0.232918
0.232918
0.232918
0.232918
0.232918
0.232918
0.232918
0.232918
0.232918
0.232918
0.232918
0.232918
0.232918
0.232918
0.232918
0.232918
0.232918
0.232918
0.232918
0.232918
0.232918
0.232918
0.232918
0.232918
0.232918
0.232918
0.232918
0.232918
0.232918
0.232918
0.232918
0.232918
0.232918
0.232918
0.232918
0.232918
0.232918
0.232918
0.232918
0.232918
0.232918
0.232918
0.232918
0.232918
0.232918
0.232918
0.232918
0.232918
0.232918
0.232918
0.232918
0.232918
0.232918
0.232918
0.232918
0.232918
0.232918
0.232918
0.232918
0.232918
0.232918
0.232918
0.232918
0.232918
0.232918
0.232918
0.232918
0.232918
0.232918
0.232918
0.232918
0.232918
0.232918
0.232918
0.232918
0.232918
0.232918
0.232918
0.232918
0.232918
0.232918
0.232918
0.232918
0.232918
0.232918
0.232918
0.232918
0.232918
0.232918
0.232918
0.232918
0.232918
0.232918
0.232918
0.232918
0.232918
0.232918
0.232918
0.232918
0.232918
0.232918
0.232918
0.232918
0.232918
0.232918
0.232918
0.232918
0.232918
0.232918
0.232918
0.232918
0.232918
0.232918
0.232918
0.232918
0.232918
0.232918
0.232918
0.232918
0.232918
0.232918
0.232918
0.232918
0.232918
0.232918
0.232918
0.232918
0.232918
0.232918
0.232918
0.232918
0.232918
0.232918
0.232918
0.232918
0.232918
0.232918
0.232918
0.232918
0.232918
0.232918
0.232918
0.232918
0.232918
0.232918
0.232918
0.232918
0.232918
0.232918
0.232918
0.232918
0.232918
0.232918
0.232918
0.232918
0.232918
0.232918
0.232918
0.232918
0.232918
0.232918
0.232918
0.232918
0.232918
0.232918
0.232918
0.232918
0.232918
0.232918
0.232918
0.232918
0.232918
0.232918
0.232918
0.232918
0.232918
0.232918
0.232918
0.232918
0.232918
0.232918
0.232918
0.232918
0.232918
0.232918
0.232918
0.232918
0.232918
0.232918
0.232918
0.232918
0.232918
0.232918
0.232918
0.232918
0.232918
0.232918
0.232918
0.232918
0.232918
0.232918
0.232918
0.232918
0.232918
0.232918
0.232918
0.232918
0.232918
0.232918
0.232918
0.232918
0.232918
0.232918
0.232918
0.232918
0.232918
0.232918
0.232918
0.232918
0.232918
0.232918
0.232918
0.232918
0.232918
0.232918
0.232918
0.232918
0.232918
0.232918
0.232918
0.232918
0.232918
0.232918
0.232918
0.232918
0.232918
0.232918
0.232918
0.232918
0.232918
0.232918
0.232918
0.232918
0.232918
0.232918
0.232918
0.232918
0.232918
0.232918
0.232918
0.232918
0.232918
0.232918
0.232918
0.232918
0.232918
0.232918
0.232918
0.232918
0.232918
0.232918
0.232918
0.232918
0.232918
0.232918
0.232918
0.232918
0.232918
0.232918
0.232918
0.232918
0.232918
0.232918
0.232918
0.232918
0.232918
0.232918
0.232918
0.232918
0.232918
0.232918
0.232918
0.232918
0.232918
0.232918
0.232918
0.232918
0.232918
0.232918
0.232918
0.232918
0.232918
0.232918
0.232918
0.232918
0.232918
0.232918
0.232918
0.232918
0.232918
0.232918
0.232918
0.232918
0.232918
0.232918
0.232918
0.232918
0.232918
0.232918
0.232918
0.232918
0.232918
0.232918
0.232918
0.232918
0.232918
0.232918
0.232918
0.232918
0.232918
0.232918
0.232918
0.232918
0.232918
0.232918
0.232918
0.232918
0.232918
0.232918
0.232918
0.232918
0.232918
0.232918
0.232918
0.232918
0.232918
0.232918
0.232918
0.232918
0.232918
0.232918
0.232918
0.232918
0.232918
0.232918
0.232918
0.232918
0.232918
0.232918
0.232918
0.232918
0.232918
0.232918
0.232918
0.232918
0.232918
0.232918
0.232918
0.232918
0.232918
0.232918
0.232918
0.232918
0.232918
0.232918
0.232918
0.232918
0.232918
0.232918
0.232918
0.232918
0.232918
0.232918
0.232918
0.232918
0.232918
0.232918
0.232918
0.232918
0.232918
0.232918
0.232918
0.232918
0.232918
0.232918
0.232918
0.232918
0.232918
0.232918
0.232918
0.232918
0.232918
0.232918
0.232918
0.232918
0.232918
0.232918
0.232918
0.232918
0.232918
0.232918
0.232918
0.232918
0.232918
0.232918
0.232918
0.232918
0.232918
0.232918
0.232918
0.232918
0.232918
0.232918
0.232918
0.232918
0.232918
0.232918
0.232918
0.232918
0.232918
0.232918
0.232918
0.232918
0.232918
0.232918
0.232918
0.232918
0.232918
0.232918
0.232918
0.232918
0.232918
0.232918
0.232918
0.232918
0.232918
0.232918
0.232918
0.232918
0.232918
0.232918
0.232918
0.232918
0.232918
0.232918
0.232918
0.232918
0.232918
0.232918
0.232918
0.232918
0.232918
0.232918
0.232918
0.232918
0.232918
0.232918
0.232918
0.232918
0.232918
0.232918
0.232918
0.232918
0.232918
0.232918
0.232918
0.232918
0.232918
0.232918
0.232918
0.232918
0.232918
0.232918
0.232918
0.232918
0.232918
0.232918
0.232918
0.232918
0.232918
0.232918
0.232918
0.232918
0.232918
0.232918
0.232918
0.232918
0.232918
0.232918
0.232918
0.232918
0.232918
0.232918
0.232918
0.232918
0.232918
0.232918
0.232918
0.232918
0.232918
0.232918
0.232918
0.232918
0.232918
0.232918
0.232918
0.232918
0.232918
0.232918
0.232918
0.232918
0.232918
0.232918
0.232918
0.232918
0.232918
0.232918
0.232918
0.232918
0.232918
0.232918
0.232918
0.232918
0.232918
0.232918
0.232918
0.232918
0.232918
0.232918
0.232918
0.232918
0.232918
0.232918
0.232918
0.232918
0.232918
0.232918
0.232918
0.232918
0.232918
0.232918
0.232918
0.232918
0.232918
0.232918
0.232918
0.232918
0.232918
0.232918
0.232918
0.232918
0.232918
0.232918
0.232918
0.232918
0.232918
0.232918
0.232918
0.232918
0.232918
0.232918
0.232918
0.232918
0.232918
0.232918
0.232918
0.232918
0.232918
0.232918
0.232918
0.232918
0.232918
0.232918
0.232918
0.232918
0.232918
0.232918
0.232918
0.232918
0.232918
0.232918
0.232918
0.232918
0.232918
0.232918
0.232918
0.232918
0.232918
0.232918
0.232918
0.232918
0.232918
0.232918
0.232918
0.232918
0.232918
0.232918
0.232918
0.232918
0.232918
0.232918
0.232918
0.232918
0.232918
0.232918
0.232918
0.232918
0.232918
0.232918
0.232918
0.232918
0.232918
0.232918
0.232918
0.232918
0.232918
0.232918
0.232918
0.232918
0.232918
0.232918
0.232918
0.232918
0.232918
0.232918
0.232918
0.232918
0.232918
0.232918
0.232918
0.232918
0.232918
0.232918
0.232918
0.232918
0.232918
0.232918
0.232918
0.232918
0.232918
0.232918
0.232918
0.232918
0.232918
0.232918
0.232918
0.232918
0.232918
0.232918
0.232918
0.232918
0.232918
0.232918
0.232918
0.232918
0.232918
0.232918
0.232918
0.232918
0.232918
0.232918
0.232918
0.232918
0.232918
0.232918
0.232918
0.232918
0.232918
0.232918
0.232918
0.232918
0.232918
0.232918
0.232918
0.232918
0.232918
0.232918
0.232918
0.232918
0.232918
0.232918
0.232918
0.232918
0.232918
0.232918
0.232918
0.232918
0.232918
0.232918
0.232918
0.232918
0.232918
0.232918
0.232918
0.232918
0.232918
0.232918
0.232918
0.232918
0.232918
0.232918
0.232918
0.232918
0.232918
0.232918
0.232918
0.232918
0.232918
0.232918
0.232918
0.232918
0.232918
0.232918
0.232918
0.232918
0.232918
0.232918
0.232918
0.232918
0.232918
0.232918
0.232918
0.232918
0.232918
0.232918
0.232918
0.232918
0.232918
0.232918
0.232918
0.232918
0.232918
0.232918
0.232918
0.232918
0.232918
0.232918
0.232918
0.232918
0.232918
0.232918
0.232918
0.232918
0.232918
0.232918
0.232918
0.232918
0.232918
0.232918
0.232918
0.232918
0.232918
0.232918
0.232918
0.232918
0.232918
0.232918
0.232918
0.232918
0.232918
0.232918
0.232918
0.232918
0.232918
0.232918
0.232918
0.232918
0.232918
0.232918
0.232918
0.232918
0.232918
0.232918
0.232918
0.232918
0.232918
0.232918
0.232918
0.232918
0.232918
0.232918
0.232918
0.232918
0.232918
0.232918
0.232918
0.232918
0.232918
0.232918
0.232918
0.232918
0.232918
0.232918
0.232918
0.232918
0.232918
0.232918
0.232918
0.232918
0.232918
0.232918
0.232918
0.232918
0.232918
0.232918
0.232918
0.232918
0.232918
0.232918
0.232918
0.232918
0.232918
0.232918
0.232918
0.232918
0.232918
0.232918
0.232918
0.232918
0.232918
0.232918
0.232918
0.232918
0.232918
0.232918
0.232918
0.232918
0.232918
0.232918
0.232918
0.232918
0.232918
0.232918
0.232918
0.232918
0.232918
0.232918
0.232918
0.232918
0.232918
0.232918
0.232918
0.232918
0.232918
0.232918
0.232918
0.232918
0.232918
0.232918
0.232918
0.232918
0.232918
0.232918
0.232918
0.232918
0.232918
0.232918
0.232918
0.232918
0.232918
0.232918
0.232918
0.232918
0.232918
0.232918
0.232918
0.232918
0.232918
0.232918
0.232918
0.232918
0.232918
0.232918
0.232918
0.232918
0.232918
0.232918
0.232918
0.232918
0.232918
0.232918
0.232918
0.232918
0.232918
0.232918
0.232918
0.232918
0.232918
0.232918
0.232918
0.232918
0.232918
0.232918
0.232918
0.232918
0.232918
0.232918
0.232918
0.232918
0.232918
0.232918
0.232918
0.232918
0.232918
0.232918
0.232918
0.232918
0.232918
0.232918
0.232918
0.232918
0.232918
0.232918
0.232918
0.232918
0.232918
0.232918
0.232918
0.232918
0.232918
0.232918
0.232918
0.232918
0.232918
0.232918
0.232918
0.232918
0.232918
0.232918
0.232918
0.232918
0.232918
0.232918
0.232918
0.232918
0.232918
0.232918
0.232918
0.232918
0.232918
0.232918
0.232918
0.232918
0.232918
0.232918
0.232918
0.232918
0.232918
0.232918
0.232918
0.232918
0.232918
0.232918
0.232918
0.232918
0.232918
0.232918
0.232918
0.232918
0.232918
0.232918
0.232918
0.232918
0.232918
0.232918
0.232918
0.232918
0.232918
0.232918
0.232918
0.232918
0.232918
0.232918
0.232918
0.232918
0.232918
0.232918
0.232918
0.232918
0.232918
0.232918
0.232918
0.232918
0.232918
0.232918
0.232918
0.232918
0.232918
0.232918
0.232918
0.232918
0.232918
0.232918
0.232918
0.232918
0.232918
0.232918
0.232918
0.232918
0.232918
0.232918
0.232918
0.232918
0.232918
0.232918
0.232918
0.232918
0.232918
0.232918
0.232918
0.232918
0.232918
0.232918
0.232918
0.232918
0.232918
0.232918
0.232918
0.232918
0.232918
0.232918
0.232918
0.232918
0.232918
0.232918
0.232918
0.232918
0.232918
0.232918
0.232918
0.232918
0.232918
0.232918
0.232918
0.232918
0.232918
0.232918
0.232918
0.232918
0.232918
0.232918
0.232918
0.232918
0.232918
0.232918
0.232918
0.232918
0.232918
0.232918
0.232918
0.232918
0.232918
0.232918
0.232918
0.232918
0.232918
0.232918
0.232918
0.232918
0.232918
0.232918
0.232918
0.232918
0.232918
0.232918
0.232918
0.232918
0.232918
0.232918
0.232918
0.232918
0.232918
0.232918
0.232918
0.232918
0.232918
0.232918
0.232918
0.232918
0.232918
0.232918
0.232918
0.232918
0.232918
0.232918
0.232918
0.232918
0.232918
0.232918
0.232918
0.232918
0.232918
0.232918
0.232918
0.232918
0.232918
0.232918
0.232918
0.232918
0.232918
0.232918
0.232918
0.232918
0.232918
0.232918
0.232918
0.232918
0.232918
0.232918
0.232918
0.232918
0.232918
0.232918
0.232918
0.232918
0.232918
0.232918
0.232918
0.232918
0.232918
0.232918
0.232918
0.232918
0.232918
0.232918
0.232918
0.232918
0.232918
0.232918
0.232918
0.232918
0.232918
0.232918
0.232918
0.232918
0.232918
0.232918
0.232918
0.232918
0.232918
0.232918
0.232918
0.232918
0.232918
0.232918
0.232918
0.232918
0.232918
0.232918
0.232918
0.232918
0.232918
0.232918
0.232918
0.232918
0.232918
0.232918
0.232918
0.232918
0.232918
0.232918
0.232918
0.232918
0.232918
0.232918
0.232918
0.232918
0.232918
0.232918
0.232918
0.232918
0.232918
0.232918
0.232918
0.232918
0.232918
0.232918
0.232918
0.232918
0.232918
0.232918
0.232918
0.232918
0.232918
0.232918
0.232918
0.232918
0.232918
0.232918
0.232918
0.232918
0.232918
0.232918
0.232918
0.232918
0.232918
0.232918
0.232918
0.232918
0.232918
0.232918
0.232918
0.232918
0.232918
0.232918
0.232918
0.232918
0.232918
0.232918
0.232918
0.232918
0.232918
0.232918
0.232918
0.232918
0.232918
0.232918
0.232918
0.232918
0.232918
0.232918
0.232918
0.232918
0.232918
0.232918
0.232918
0.232918
0.232918
0.232918
0.232918
0.232918
0.232918
0.232918
0.232918
0.232918
0.232918
0.232918
0.232918
0.232918
0.232918
0.232918
0.232918
0.232918
0.232918
0.232918
0.232918
0.232918
0.232918
0.232918
0.232918
0.232918
0.232918
0.232918
0.232918
0.232918
0.232918
0.232918
0.232918
0.232918
0.232918
0.232918
0.232918
0.232918
0.232918
0.232918
0.232918
0.232918
0.232918
0.232918
0.232918
0.232918
0.232918
0.232918
0.232918
0.232918
0.232918
0.232918
0.232918
0.232918
0.232918
0.232918
0.232918
0.232918
0.232918
0.232918
0.232918
0.232918
0.232918
0.232918
0.232918
0.232918
0.232918
0.232918
0.232918
0.232918
0.232918
0.232918
0.232918
0.232918
0.232918
0.232918
0.232918
0.232918
0.232918
0.232918
0.232918
0.232918
0.232918
0.232918
0.232918
0.232918
0.232918
0.232918
0.232918
0.232918
0.232918
0.232918
0.232918
0.232918
0.232918
0.232918
0.232918
0.232918
0.232918
0.232918
0.232918
0.232918
0.232918
0.232918
0.232918
0.232918
0.232918
0.232918
0.232918
0.232918
0.232918
0.232918
0.232918
0.232918
0.232918
0.232918
0.232918
0.232918
0.232918
0.232918
0.232918
0.232918
0.232918
0.232918
0.232918
0.232918
0.232918
0.232918
0.232918
0.232918
0.232918
0.232918
0.232918
0.232918
0.232918
0.232918
0.232918
0.232918
0.232918
0.232918
0.232918
0.232918
0.232918
0.232918
0.232918
0.232918
0.232918
0.232918
0.232918
0.232918
0.232918
0.232918
0.232918
0.232918
0.232918
0.232918
0.232918
0.232918
0.232918
0.232918
0.232918
0.232918
0.232918
0.232918
0.232918
0.232918
0.232918
0.232918
0.232918
0.232918
0.232918
0.232918
0.232918
0.232918
0.232918
0.232918
0.232918
0.232918
0.232918
0.232918
0.232918
0.232918
0.232918
0.232918
0.232918
0.232918
0.232918
0.232918
0.232918
0.232918
0.232918
0.232918
0.232918
0.232918
0.232918
0.232918
0.232918
0.232918
0.232918
0.232918
0.232918
0.232918
0.232918
0.232918
0.232918
0.232918
0.232918
0.232918
0.232918
0.232918
0.232918
0.232918
0.232918
0.232918
0.232918
0.232918
0.232918
0.232918
0.232918
0.232918
0.232918
0.232918
0.232918
0.232918
0.232918
0.232918
0.232918
0.232918
0.232918
0.232918
0.232918
0.232918
0.232918
0.232918
0.232918
0.232918
0.232918
0.232918
0.232918
0.232918
0.232918
0.232918
0.232918
0.232918
0.232918
0.232918
0.232918
0.232918
0.232918
0.232918
0.232918
0.232918
0.232918
0.232918
0.232918
0.232918
0.232918
0.232918
0.232918
0.232918
0.232918
0.232918
0.232918
0.232918
0.232918
0.232918
0.232918
0.232918
0.232918
0.232918
0.232918
0.232918
0.232918
0.232918
0.232918
0.232918
0.232918
0.232918
0.232918
0.232918
0.232918
0.232918
0.232918
0.232918
0.232918
0.232918
0.232918
0.232918
0.232918
0.232918
0.232918
0.232918
0.232918
0.232918
0.232918
0.232918
0.232918
0.232918
0.232918
0.232918
0.232918
0.232918
0.232918
0.232918
0.232918
0.232918
0.232918
0.232918
0.232918
0.232918
0.232918
0.232918
0.232918
0.232918
0.232918
0.232918
0.232918
0.232918
0.232918
0.232918
0.232918
0.232918
0.232918
0.232918
0.232918
0.232918
0.232918
0.232918
0.232918
0.232918
0.232918
0.232918
0.232918
0.232918
0.232918
0.232918
0.232918
0.232918
0.232918
0.232918
0.232918
0.232918
0.232918
0.232918
0.232918
0.232918
0.232918
0.232918
0.232918
0.232918
0.232918
0.232918
0.232918
0.232918
0.232918
0.232918
0.232918
0.232918
0.232918
0.232918
0.232918
0.232918
0.232918
0.232918
0.232918
0.232918
0.232918
0.232918
0.232918
0.232918
0.232918
0.232918
0.232918
0.232918
0.232918
0.232918
0.232918
0.232918
0.232918
0.232918
0.232918
0.232918
0.232918
0.232918
0.232918
0.232918
0.232918
0.232918
0.232918
0.232918
0.232918
0.232918
0.232918
0.232918
0.232918
0.232918
0.232918
0.232918
0.232918
0.232918
0.232918
0.232918
0.232918
0.232918
0.232918
0.232918
0.232918
0.232918
0.232918
0.232918
0.232918
0.232918
0.232918
0.232918
0.232918
0.232918
0.232918
0.232918
0.232918
0.232918
0.232918
0.232918
0.232918
0.232918
0.232918
0.232918
0.232918
0.232918
0.232918
0.232918
0.232918
0.232918
0.232918
0.232918
0.232918
0.232918
0.232918
0.232918
0.232918
0.232918
0.232918
0.232918
0.232918
0.232918
0.232918
0.232918
0.232918
0.232918
0.232918
0.232918
0.232918
0.232918
0.232918
0.232918
0.232918
0.232918
0.232918
0.232918
0.232918
0.232918
0.232918
0.232918
0.232918
0.232918
0.232918
0.232918
0.232918
0.232918
0.232918
0.232918
0.232918
0.232918
0.232918
0.232918
0.232918
0.232918
0.232918
0.232918
0.232918
0.232918
0.232918
0.232918
0.232918
0.232918
0.232918
0.232918
0.232918
0.232918
0.232918
0.232918
0.232918
0.232918
0.232918
0.232918
0.232918
0.232918
0.232918
0.232918
0.232918
0.232918
0.232918
0.232918
0.232918
0.232918
0.232918
0.232918
0.232918
0.232918
0.232918
0.232918
0.232918
0.232918
0.232918
0.232918
0.232918
0.232918
0.232918
0.232918
0.232918
0.232918
0.232918
0.232918
0.232918
0.232918
0.232918
0.232918
0.232918
0.232918
0.232918
0.232918
0.232918
0.232918
0.232918
0.232918
0.232918
0.232918
0.232918
0.232918
0.232918
0.232918
0.232918
0.232918
0.232918
0.232918
0.232918
0.232918
0.232918
0.232918
0.232918
0.232918
0.232918
0.232918
0.232918
0.232918
0.232918
0.232918
0.232918
0.232918
0.232918
0.232918
0.232918
0.232918
0.232918
0.232918
0.232918
0.232918
0.232918
0.232918
0.232918
0.232918
0.232918
0.232918
0.232918
0.232918
0.232918
0.232918
0.232918
0.232918
0.232918
0.232918
0.232918
0.232918
0.232918
0.232918
0.232918
0.232918
0.232918
0.232918
0.232918
0.232918
0.232918
0.232918
0.232918
0.232918
0.232918
0.232918
0.232918
0.232918
0.232918
0.232918
0.232918
0.232918
0.232918
0.232918
0.232918
0.232918
0.232918
0.232918
0.232918
0.232918
0.232918
0.232918
0.232918
0.232918
0.232918
0.232918
0.232918
0.232918
0.232918
0.232918
0.232918
0.232918
0.232918
0.232918
0.232918
0.232918
0.232918
0.232918
0.232918
0.232918
0.232918
0.232918
0.232918
0.232918
0.232918
0.232918
0.232918
0.232918
0.232918
0.232918
0.232918
0.232918
0.232918
0.232918
0.232918
0.232918
0.232918
0.232918
0.232918
0.232918
0.232918
0.232918
0.232918
0.232918
0.232918
0.232918
0.232918
0.232918
0.232918
0.232918
0.232918
0.232918
0.232918
0.232918
0.232918
0.232918
0.232918
0.232918
0.232918
0.232918
0.232918
0.232918
0.232918
0.232918
0.232918
0.232918
0.232918
0.232918
0.232918
0.232918
0.232918
0.232918
0.232918
0.232918
0.232918
0.232918
0.232918
0.232918
0.232918
0.232918
0.232918
0.232918
0.232918
0.232918
0.232918
0.232918
0.232918
0.232918
0.232918
0.232918
0.232918
0.232918
0.232918
0.232918
0.232918
0.232918
0.232918
0.232918
0.232918
0.232918
0.232918
0.232918
0.232918
0.232918
0.232918
0.232918
0.232918
0.232918
0.232918
0.232918
0.232918
0.232918
0.232918
0.232918
0.232918
0.232918
0.232918
0.232918
0.232918
0.232918
0.232918
0.232918
0.232918
0.232918
0.232918
0.232918
0.232918
0.232918
0.232918
0.232918
0.232918
0.232918
0.232918
0.232918
0.232918
0.232918
0.232918
0.232918
0.232918
0.232918
0.232918
0.232918
0.232918
0.232918
0.232918
0.232918
0.232918
0.232918
0.232918
0.232918
0.232918
0.232918
0.232918
0.232918
0.232918
0.232918
0.232918
0.232918
0.232918
0.232918
0.232918
0.232918
0.232918
0.232918
0.232918
0.232918
0.232918
0.232918
0.232918
0.232918
0.232918
0.232918
0.232918
0.232918
0.232918
0.232918
0.232918
0.232918
0.232918
0.232918
0.232918
0.232918
0.232918
0.232918
0.232918
0.232918
0.232918
0.232918
0.232918
0.232918
0.232918
0.232918
0.232918
0.232918
0.232918
0.232918
0.232918
0.232918
0.232918
0.232918
0.232918
0.232918
0.232918
0.232918
0.232918
0.232918
0.232918
0.232918
0.232918
0.232918
0.232918
0.232918
0.232918
0.232918
0.232918
0.232918
0.232918
0.232918
0.232918
0.232918
0.232918
0.232918
0.232918
0.232918
0.232918
0.232918
0.232918
0.232918
0.232918
0.232918
0.232918
0.232918
0.232918
0.232918
0.232918
0.232918
0.232918
0.232918
0.232918
0.232918
0.232918
0.232918
0.232918
0.232918
0.232918
0.232918
0.232918
0.232918
0.232918
0.232918
0.232918
0.232918
0.232918
0.232918
0.232918
0.232918
0.232918
0.232918
0.232918
0.232918
0.232918
0.232918
0.232918
0.232918
0.232918
0.232918
0.232918
0.232918
0.232918
0.232918
0.232918
0.232918
0.232918
0.232918
0.232918
0.232918
0.232918
0.232918
0.232918
0.232918
0.232918
0.232918
0.232918
0.232918
0.232918
0.232918
0.232918
0.232918
0.232918
0.232918
0.232918
0.232918
0.232918
0.232918
0.232918
0.232918
0.232918
0.232918
0.232918
0.232918
0.232918
0.232918
0.232918
0.232918
0.232918
0.232918
0.232918
0.232918
0.232918
0.232918
0.232918
0.232918
0.232918
0.232918
0.232918
0.232918
0.232918
0.232918
0.232918
0.232918
0.232918
0.232918
0.232918
0.232918
0.232918
0.232918
0.232918
0.232918
0.232918
0.232918
0.232918
0.232918
0.232918
0.232918
0.232918
0.232918
0.232918
0.232918
0.232918
0.232918
0.232918
0.232918
0.232918
0.232918
0.232918
0.232918
0.232918
0.232918
0.232918
0.232918
0.232918
0.232918
0.232918
0.232918
0.232918
0.232918
0.232918
0.232918
0.232918
0.232918
0.232918
0.232918
0.232918
0.232918
0.232918
0.232918
0.232918
0.232918
0.232918
0.232918
0.232918
0.232918
0.232918
0.232918
0.232918
0.232918
0.232918
0.232918
0.232918
0.232918
0.232918
0.232918
0.232918
0.232918
0.232918
0.232918
0.232918
0.232918
0.232918
0.232918
0.232918
0.232918
0.232918
0.232918
0.232918
0.232918
0.232918
0.232918
0.232918
0.232918
0.232918
0.232918
0.232918
0.232918
0.232918
0.232918
0.232918
0.232918
0.232918
0.232918
0.232918
0.232918
0.232918
0.232918
0.232918
0.232918
0.232918
0.232918
0.232918
0.232918
0.232918
0.232918
0.232918
0.232918
0.232918
0.232918
0.232918
0.232918
0.232918
0.232918
0.232918
0.232918
0.232918
0.232918
0.232918
0.232918
0.232918
0.232918
0.232918
0.232918
0.232918
0.232918
0.232918
0.232918
0.232918
0.232918
0.232918
0.232918
0.232918
0.232918
0.232918
0.232918
0.232918
0.232918
0.232918
0.232918
0.232918
0.232918
0.232918
0.232918
0.232918
0.232918
0.232918
0.232918
0.232918
0.232918
0.232918
0.232918
0.232918
0.232918
0.232918
0.232918
0.232918
0.232918
0.232918
0.232918
0.232918
0.232918
0.232918
0.232918
0.232918
0.232918
0.232918
0.232918
0.232918
0.232918
0.232918
0.232918
0.232918
0.232918
0.232918
0.232918
0.232918
0.232918
0.232918
0.232918
0.232918
0.232918
0.232918
0.232918
0.232918
0.232918
0.232918
0.232918
0.232918
0.232918
0.232918
0.232918
0.232918
0.232918
0.232918
0.232918
0.232918
0.232918
0.232918
0.232918
0.232918
0.232918
0.232918
0.232918
0.232918
0.232918
0.232918
0.232918
0.232918
0.232918
0.232918
0.232918
0.232918
0.232918
0.232918
0.232918
0.232918
0.232918
0.232918
0.232918
0.232918
0.232918
0.232918
0.232918
0.232918
0.232918
0.232918
0.232918
0.232918
0.232918
0.232918
0.232918
0.232918
0.232918
0.232918
0.232918
0.232918
0.232918
0.232918
0.232918
0.232918
0.232918
0.232918
0.232918
0.232918
0.232918
0.232918
0.232918
0.232918
0.232918
0.232918
0.232918
0.232918
0.232918
0.232918
0.232918
0.232918
0.232918
0.232918
0.232918
0.232918
0.232918
0.232918
0.232918
0.232918
0.232918
0.232918
0.232918
0.232918
0.232918
0.232918
0.232918
0.232918
0.232918
0.232918
0.232918
0.232918
0.232918
0.232918
0.232918
0.232918
0.232918
0.232918
0.232918
0.232918
0.232918
0.232918
0.232918
0.232918
0.232918
0.232918
0.232918
0.232918
0.232918
0.232918
0.232918
0.232918
0.232918
0.232918
0.232918
0.232918
0.232918
0.232918
0.232918
0.232918
0.232918
0.232918
0.232918
0.232918
0.232918
0.232918
0.232918
0.232918
0.232918
0.232918
0.232918
0.232918
0.232918
0.232918
0.232918
0.232918
0.232918
0.232918
0.232918
0.232918
0.232918
0.232918
0.232918
0.232918
0.232918
0.232918
0.232918
0.232918
0.232918
0.232918
0.232918
0.232918
0.232918
0.232918
0.232918
0.232918
0.232918
0.232918
0.232918
0.232918
0.232918
0.232918
0.232918
0.232918
0.232918
0.232918
0.232918
0.232918
0.232918
0.232918
0.232918
0.232918
0.232918
0.232918
0.232918
0.232918
0.232918
0.232918
0.232918
0.232918
0.232918
0.232918
0.232918
0.232918
0.232918
0.232918
0.232918
0.232918
0.232918
0.232918
0.232918
0.232918
0.232918
0.232918
0.232918
0.232918
0.232918
0.232918
0.232918
0.232918
0.232918
0.232918
0.232918
0.232918
0.232918
0.232918
0.232918
0.232918
0.232918
0.232918
0.232918
0.232918
0.232918
0.232918
0.232918
0.232918
0.232918
0.232918
0.232918
0.232918
0.232918
0.232918
0.232918
0.232918
0.232918
0.232918
0.232918
0.232918
0.232918
0.232918
0.232918
0.232918
0.232918
0.232918
0.232918
0.232918
0.232918
0.232918
0.232918
0.232918
0.232918
0.232918
0.232918
0.232918
0.232918
0.232918
0.232918
0.232918
0.232918
0.232918
0.232918
0.232918
0.232918
0.232918
0.232918
0.232918
0.232918
0.232918
0.232918
0.232918
0.232918
0.232918
0.232918
0.232918
0.232918
0.232918
0.232918
0.232918
0.232918
0.232918
0.232918
0.232918
0.232918
0.232918
0.232918
0.232918
0.232918
0.232918
0.232918
0.232918
0.232918
0.232918
0.232918
0.232918
0.232918
0.232918
0.232918
0.232918
0.232918
0.232918
0.232918
0.232918
0.232918
0.232918
0.232918
0.232918
0.232918
0.232918
0.232918
0.232918
0.232918
0.232918
0.232918
0.232918
0.232918
0.232918
0.232918
0.232918
0.232918
0.232918
0.232918
0.232918
0.232918
0.232918
0.232918
0.232918
0.232918
0.232918
0.232918
0.232918
0.232918
0.232918
0.232918
0.232918
0.232918
0.232918
0.232918
0.232918
0.232918
0.232918
0.232918
0.232918
0.232918
0.232918
0.232918
0.232918
0.232918
0.232918
0.232918
0.232918
0.232918
0.232918
0.232918
0.232918
0.232918
0.232918
0.232918
0.232918
0.232918
0.232918
0.232918
0.232918
0.232918
0.232918
0.232918
0.232918
0.232918
0.232918
0.232918
0.232918
0.232918
0.232918
0.232918
0.232918
0.232918
0.232918
0.232918
0.232918
0.232918
0.232918
0.232918
0.232918
0.232918
0.232918
0.232918
0.232918
0.232918
0.232918
0.232918
0.232918
0.232918
0.232918
0.232918
0.232918
0.232918
0.232918
0.232918
0.232918
0.232918
0.232918
0.232918
0.232918
0.232918
0.232918
0.232918
0.232918
0.232918
0.232918
0.232918
0.232918
0.232918
0.232918
0.232918
0.232918
0.232918
0.232918
0.232918
0.232918
0.232918
0.232918
0.232918
0.232918
0.232918
0.232918
0.232918
0.232918
0.232918
0.232918
0.232918
0.232918
0.232918
0.232918
0.232918
0.232918
0.232918
0.232918
0.232918
0.232918
0.232918
0.232918
0.232918
0.232918
0.232918
0.232918
0.232918
0.232918
0.232918
0.232918
0.232918
0.232918
0.232918
0.232918
0.232918
0.232918
0.232918
0.232918
0.232918
0.232918
0.232918
0.232918
0.232918
0.232918
0.232918
0.232918
0.232918
0.232918
0.232918
0.232918
0.232918
0.232918
0.232918
0.232918
0.232918
0.232918
0.232918
0.232918
0.232918
0.232918
0.232918
0.232918
0.232918
0.232918
0.232918
0.232918
0.232918
0.232918
0.232918
0.232918
0.232918
0.232918
0.232918
0.232918
0.232918
0.232918
0.232918
0.232918
0.232918
0.232918
0.232918
0.232918
0.232918
0.232918
0.232918
0.232918
0.232918
0.232918
0.232918
0.232918
0.232918
0.232918
0.232918
0.232918
0.232918
0.232918
0.232918
0.232918
0.232918
0.232918
0.232918
0.232918
0.232918
0.232918
0.232918
0.232918
0.232918
0.232918
0.232918
0.232918
0.232918
0.232918
0.232918
0.232918
0.232918
0.232918
0.232918
0.232918
0.232918
0.232918
0.232918
0.232918
0.232918
0.232918
0.232918
0.232918
0.232918
0.232918
0.232918
0.232918
0.232918
0.232918
0.232918
0.232918
0.232918
0.232918
0.232918
0.232918
0.232918
0.232918
0.232918
0.232918
0.232918
0.232918
0.232918
0.232918
0.232918
0.232918
0.232918
0.232918
0.232918
0.232918
0.232918
0.232918
0.232918
0.232918
0.232918
0.232918
0.232918
0.232918
0.232918
0.232918
0.232918
0.232918
0.232918
0.232918
0.232918
0.232918
0.232918
0.232918
0.232918
0.232918
0.232918
0.232918
0.232918
0.232918
0.232918
0.232918
0.232918
0.232918
0.232918
0.232918
0.232918
0.232918
0.232918
0.232918
0.232918
0.232918
0.232918
0.232918
0.232918
0.232918
0.232918
0.232918
0.232918
0.232918
0.232918
0.232918
0.232918
0.232918
0.232918
0.232918
0.232918
0.232918
0.232918
0.232918
0.232918
0.232918
0.232918
0.232918
0.232918
0.232918
0.232918
0.232918
0.232918
0.232918
0.232918
0.232918
0.232918
0.232918
0.232918
0.232918
0.232918
0.232918
0.232918
0.232918
0.232918
0.232918
0.232918
0.232918
0.232918
0.232918
0.232918
0.232918
0.232918
0.232918
0.232918
0.232918
0.232918
0.232918
0.232918
0.232918
0.232918
0.232918
0.232918
0.232918
0.232918
0.232918
0.232918
0.232918
0.232918
0.232918
0.232918
0.232918
0.232918
0.232918
0.232918
0.232918
0.232918
0.232918
0.232918
0.232918
0.232918
0.232918
0.232918
0.232918
)
;

boundaryField
{
    bottom
    {
        type            empty;
    }
    inlet
    {
        type            calculated;
        value           nonuniform List<scalar> 
70
(
0.232918
0.232918
0.232918
0.232918
0.232918
0.232918
0.232918
0.232918
0.232918
0.232918
0.232918
0.232918
0.232918
0.232918
0.232918
0.232918
0.232918
0.232918
0.232918
0.232918
0.232918
0.232918
0.232918
0.232918
0.232918
0.232918
0.232918
0.232918
0.232918
0.232918
0.232918
0.232918
0.232918
0.232918
0.232918
0.232918
0.232918
0.232918
0.232918
0.232918
0.232918
0.232918
0.232918
0.232918
0.232918
0.232918
0.232918
0.232918
0.232918
0.232918
0.232918
0.232918
0.232918
0.232918
0.232918
0.232918
0.232918
0.232918
0.232918
0.232918
0.232918
0.232918
0.232918
0.232918
0.232918
0.232918
0.232918
0.232918
0.232918
0.232918
)
;
    }
    outlet
    {
        type            calculated;
        value           nonuniform List<scalar> 
120
(
0.232918
0.232918
0.232918
0.232918
0.232918
0.232918
0.232918
0.232918
0.232918
0.232918
0.232918
0.232918
0.232918
0.232918
0.232918
0.232918
0.232918
0.232918
0.232918
0.232918
0.232918
0.232918
0.232918
0.232918
0.232918
0.232918
0.232918
0.232918
0.232918
0.232918
0.232918
0.232918
0.232918
0.232810993373
0.168976247759
0.0983946051007
0.0504765803415
0.0182635504666
0.00762577480517
0.00193452484003
0.000798232915553
0.000454905541433
0.000266475324739
0.00017991691029
0.000121708772569
8.55469135412e-05
6.17516137616e-05
4.74020888023e-05
3.9085445197e-05
3.36015163124e-05
2.89023146e-05
2.62838351213e-05
2.19122581238e-05
1.6827027608e-05
1.43321808008e-05
1.21222652864e-05
9.62484404396e-06
7.34043901278e-06
6.02730536592e-06
4.16861647611e-06
2.90999662225e-06
1.3865287372e-06
3.82195923109e-07
2.09881839995e-07
1.05242194009e-07
6.17009994781e-08
3.89226014291e-08
3.36575981078e-08
2.14676019118e-08
1.25086275262e-08
0.232918
0.232918
0.232918
0.232918
0.232918
0.232918
0.232918
0.232918
0.232918
0.232918
0.232918
0.232918
0.232918
0.232918
0.232918
0.232918
0.232918
0.232918
0.232918
0.232918
0.232918
0.232918
0.232918
0.232918
0.232918
0.232918
0.232918
0.232918
0.232918
0.232918
0.232918
0.232918
0.232918
0.232918
0.232918
0.232918
0.232918
0.232918
0.232918
0.232918
0.232918
0.232918
0.232918
0.232918
0.232918
0.232918
0.232918
0.232918
0.232918
0.232918
)
;
    }
    obstacle
    {
        type            calculated;
        value           nonuniform List<scalar> 
70
(
1.415322448e-08
1.37960913979e-08
1.38762864762e-08
1.41529736748e-08
1.45979320181e-08
1.52058667296e-08
1.59713257055e-08
1.68988913459e-08
1.79995578949e-08
1.92862328019e-08
2.0764823634e-08
2.24802945832e-08
2.44086178913e-08
2.65935556562e-08
2.90527499548e-08
3.18294437172e-08
3.48996502519e-08
3.83444270479e-08
4.21331765498e-08
4.63336053678e-08
5.09116779836e-08
5.59656731771e-08
6.14252781819e-08
6.74035120669e-08
7.38716044289e-08
8.08537279768e-08
8.8358778561e-08
9.63483539005e-08
1.04934385622e-07
1.14101155761e-07
1.23857412469e-07
1.34144275518e-07
1.44972203162e-07
1.56356370706e-07
1.68393475313e-07
1.80814684414e-07
1.93776564793e-07
2.07294587076e-07
2.21207085539e-07
2.3557502644e-07
2.50387399338e-07
2.65561206741e-07
2.81083614563e-07
2.96665747992e-07
3.12576685996e-07
3.28512558088e-07
3.44175700548e-07
3.59848618137e-07
3.74629363124e-07
3.88361421881e-07
4.00476282387e-07
4.10505379845e-07
4.17688727798e-07
4.20879157141e-07
4.19508153041e-07
4.12832717164e-07
3.99611553477e-07
3.78419610704e-07
3.48568791104e-07
3.05409691183e-07
2.60799337995e-07
2.08884696057e-07
1.60289874062e-07
1.18550998072e-07
8.51105600768e-08
6.11435312002e-08
4.4148995514e-08
2.6701412727e-08
2.11416966312e-08
1.25086275262e-08
)
;
    }
    wedgefront
    {
        type            wedge;
    }
    wedgeback
    {
        type            wedge;
    }
}


// ************************************************************************* //
